----------MST de custo 1805.840000---------
Pai	Filho
9843	2
2656	3
8200	4
6002	5
2542	6
7457	7
865	8
9923	9
9801	10
9629	11
6351	12
512	13
1915	14
7140	15
7407	16
193	17
9023	18
9193	19
9865	20
7615	21
3882	22
9872	23
9960	24
8841	25
1535	26
2592	27
962	28
4524	29
8235	30
9318	31
490	32
7545	33
9660	34
2907	35
1502	36
4627	37
8433	38
2716	39
7287	40
6462	41
3046	42
5554	43
4598	44
1618	45
5045	46
5675	47
3253	48
9953	49
5369	50
3666	51
5145	52
7605	53
9421	54
2431	55
6182	56
4803	57
6141	58
8424	59
8955	60
1377	61
8211	62
5741	63
4883	64
3764	65
5405	66
3752	67
6314	68
432	69
9085	70
2372	71
9488	72
9764	73
1392	74
2879	75
8011	76
2309	77
7303	78
887	79
1424	80
7407	81
9138	82
6040	83
1054	84
450	85
6453	86
7676	87
611	88
5534	89
1590	90
3899	91
8872	92
3916	93
8903	94
3580	95
9889	96
5229	97
1419	98
5077	99
4555	100
944	101
3380	102
2611	103
5936	104
9193	105
3420	106
8587	107
2256	108
251	109
1759	110
5539	111
4864	112
7492	113
6576	114
3013	115
9598	116
4801	117
8269	118
8338	119
6301	120
332	121
4239	122
7439	123
7236	124
5198	125
4831	126
2057	127
9087	128
2346	129
4379	130
1683	131
8959	132
5858	133
2753	134
7055	135
6982	136
8232	137
2121	138
3133	139
5734	140
2952	141
8378	142
5578	143
7157	144
8896	145
5392	146
9693	147
9664	148
521	149
1783	150
1960	151
3538	152
439	153
2277	154
7754	155
1498	156
5378	157
6372	158
6194	159
6780	160
1842	161
2616	162
3569	163
4434	164
7594	165
3027	166
1007	167
803	168
3252	169
9235	170
3893	171
3601	172
7682	173
4835	174
409	175
4674	176
8778	177
5455	178
3037	179
9494	180
5011	181
4225	182
2869	183
477	184
9410	185
1932	186
7718	187
6396	188
5395	189
3739	190
6091	191
9841	192
2887	193
151	194
651	195
5993	196
9430	197
5560	198
7010	199
814	200
6681	201
6885	202
2441	203
2792	204
6098	205
9844	206
5904	207
3315	208
3959	209
604	210
9056	211
9005	212
6990	213
582	214
4688	215
2490	216
1480	217
9848	218
3489	219
1957	220
3966	221
3432	222
5982	223
5424	224
5531	225
2349	226
3450	227
4918	228
126	229
971	230
7241	231
1402	232
9314	233
3525	234
5209	235
933	236
4804	237
6720	238
3657	239
7436	240
5674	241
2336	242
5535	243
5190	244
4762	245
5734	246
3712	247
6764	248
5840	249
2992	250
109	251
2757	252
5561	253
1940	254
6137	255
6756	256
5436	257
7293	258
9499	259
7727	260
9622	261
502	262
2065	263
6179	264
4919	265
8762	266
4467	267
3208	268
8763	269
800	270
7157	271
1834	272
5951	273
4389	274
7514	275
193	276
4928	277
582	278
2391	279
7201	280
7506	281
3084	282
8686	283
6625	284
643	285
1638	286
4261	287
6577	288
5715	289
1435	290
5009	291
6602	292
8252	293
505	294
5941	295
6959	296
1317	297
1484	298
1670	299
1631	300
5955	301
32	302
6829	303
8356	304
622	305
9565	306
6597	307
7899	308
3198	309
6834	310
2732	311
5929	312
808	313
793	314
1703	315
1667	316
2457	317
6527	318
1207	319
6632	320
9271	321
7540	322
9557	323
1227	324
1836	325
7909	326
8851	327
8858	328
5224	329
4924	330
6387	331
121	332
8076	333
7186	334
9960	335
5149	336
6447	337
1111	338
6051	339
7280	340
1238	341
5420	342
8266	343
1182	344
3110	345
4750	346
6109	347
8284	348
2234	349
7014	350
9019	351
6044	352
7367	353
1799	354
4129	355
9230	356
453	357
8911	358
7392	359
6282	360
7845	361
9211	362
5368	363
4434	364
6855	365
2308	366
2400	367
4714	368
6290	369
8978	370
2089	371
2783	372
4785	373
1288	374
2015	375
960	376
7070	377
7759	378
2511	379
9243	380
8227	381
5134	382
9249	383
1767	384
4133	385
7443	386
5729	387
4881	388
9486	389
3634	390
6800	391
8962	392
5449	393
2153	394
5130	395
134	396
8762	397
6800	398
6830	399
4486	400
1561	401
5133	402
6838	403
8557	404
1382	405
8235	406
1924	407
3737	408
175	409
3701	410
1354	411
1751	412
9416	413
2324	414
2320	415
6614	416
6430	417
1376	418
2525	419
6417	420
6182	421
4995	422
7908	423
6731	424
4256	425
6160	426
8214	427
1448	428
5683	429
91	430
6735	431
69	432
5597	433
5382	434
8553	435
1358	436
1436	437
857	438
153	439
8141	440
948	441
8160	442
8105	443
8282	444
5994	445
2697	446
644	447
9316	448
3175	449
2252	450
1314	451
2168	452
2428	453
1029	454
7425	455
4750	456
3051	457
936	458
2065	459
9940	460
702	461
9295	462
8634	463
4672	464
2997	465
4443	466
7119	467
5505	468
7634	469
4598	470
3102	471
8401	472
3711	473
4921	474
2675	475
8636	476
184	477
7923	478
7603	479
9659	480
8054	481
5784	482
3808	483
1031	484
7460	485
5282	486
5571	487
573	488
3161	489
498	490
1450	491
6334	492
4275	493
5968	494
8484	495
9542	496
6342	497
3920	498
795	499
2026	500
7986	501
9281	502
6648	503
4577	504
5308	505
7794	506
5446	507
1177	508
8324	509
8051	510
6247	511
6525	512
6614	513
8659	514
4221	515
6279	516
3869	517
7640	518
4492	519
3954	520
5472	521
8346	522
6599	523
6750	524
9416	525
5290	526
2795	527
1005	528
593	529
946	530
6720	531
4752	532
5595	533
4887	534
4981	535
8947	536
8377	537
8589	538
6725	539
7315	540
9820	541
9049	542
8390	543
7383	544
4887	545
6624	546
965	547
478	548
8281	549
7949	550
2681	551
4984	552
8273	553
5873	554
3685	555
1912	556
5217	557
5571	558
5053	559
5009	560
5033	561
547	562
3197	563
4143	564
4972	565
6512	566
7285	567
7174	568
2948	569
4275	570
6403	571
7262	572
634	573
945	574
866	575
6432	576
6701	577
5669	578
1308	579
2148	580
8179	581
278	582
9177	583
2558	584
1327	585
9752	586
9954	587
6205	588
6129	589
5808	590
5034	591
8247	592
3325	593
9737	594
9400	595
980	596
5856	597
2890	598
1065	599
7936	600
9953	601
4836	602
1101	603
210	604
676	605
2381	606
3687	607
5871	608
4582	609
5050	610
88	611
912	612
7904	613
96	614
930	615
4041	616
8028	617
5456	618
4203	619
3832	620
4121	621
3173	622
9452	623
4397	624
4757	625
4213	626
3774	627
6812	628
2612	629
6866	630
5052	631
8467	632
2536	633
573	634
9349	635
98	636
8723	637
8348	638
693	639
7788	640
3765	641
2131	642
2393	643
5280	644
9936	645
1910	646
9907	647
1784	648
1526	649
2263	650
195	651
2941	652
7172	653
2206	654
7597	655
6904	656
4683	657
2855	658
1737	659
1130	660
3091	661
2300	662
1640	663
2288	664
9963	665
1243	666
886	667
8562	668
3964	669
4814	670
8554	671
4581	672
6366	673
8985	674
2390	675
7198	676
4067	677
6440	678
6801	679
7271	680
6255	681
5375	682
2805	683
7676	684
1103	685
5069	686
7449	687
3162	688
5814	689
5640	690
7401	691
1209	692
639	693
8789	694
1463	695
3494	696
1939	697
7942	698
6424	699
419	700
289	701
5728	702
990	703
1823	704
4039	705
4545	706
9863	707
2418	708
1351	709
6921	710
9863	711
6001	712
4108	713
8623	714
1287	715
9026	716
1821	717
2402	718
1279	719
1447	720
1082	721
7413	722
7520	723
1804	724
4177	725
8154	726
4588	727
3049	728
9654	729
5301	730
2071	731
8396	732
9521	733
8209	734
314	735
4946	736
7248	737
2856	738
9182	739
9465	740
1055	741
2821	742
1911	743
3571	744
6465	745
9618	746
9939	747
5966	748
2638	749
1049	750
2470	751
7593	752
9790	753
6154	754
763	755
2390	756
1534	757
1530	758
3308	759
4131	760
1624	761
9336	762
755	763
9700	764
3027	765
6266	766
6296	767
2752	768
3588	769
1914	770
5089	771
4896	772
5433	773
2070	774
893	775
5109	776
3085	777
6124	778
1821	779
6649	780
4615	781
7143	782
2588	783
4782	784
1158	785
7959	786
7287	787
7153	788
3807	789
5451	790
3031	791
8346	792
314	793
9604	794
499	795
7320	796
7571	797
9286	798
56	799
270	800
6881	801
4973	802
168	803
7966	804
1181	805
2131	806
3255	807
6310	808
5877	809
6473	810
9102	811
7583	812
432	813
4562	814
3231	815
8840	816
1800	817
6015	818
1432	819
9135	820
7993	821
4148	822
7172	823
1008	824
8905	825
4493	826
6140	827
7286	828
3363	829
5036	830
5481	831
4028	832
9500	833
4449	834
9347	835
9751	836
9136	837
7994	838
5640	839
3604	840
8390	841
1161	842
9535	843
8371	844
8208	845
1554	846
4213	847
5372	848
3957	849
2470	850
6959	851
9498	852
1939	853
2085	854
1212	855
8542	856
438	857
6727	858
1184	859
1450	860
940	861
892	862
3139	863
8480	864
9527	865
575	866
2596	867
8822	868
3708	869
1127	870
2083	871
929	872
5647	873
1477	874
1944	875
4338	876
3796	877
7765	878
3941	879
3609	880
9124	881
1797	882
1262	883
7872	884
5334	885
825	886
79	887
1338	888
959	889
1376	890
5665	891
2217	892
775	893
3569	894
5715	895
479	896
3334	897
7941	898
5045	899
7890	900
4902	901
1838	902
7391	903
2224	904
2980	905
5080	906
6559	907
5158	908
428	909
9952	910
9659	911
612	912
3793	913
6789	914
2547	915
9542	916
2119	917
3528	918
8727	919
835	920
4095	921
1294	922
2698	923
4173	924
7444	925
8686	926
4156	927
6751	928
7365	929
615	930
3104	931
5434	932
1765	933
3119	934
9602	935
7702	936
8884	937
8091	938
4998	939
1576	940
6214	941
2077	942
8856	943
950	944
4295	945
6702	946
3128	947
441	948
5968	949
8668	950
7761	951
2876	952
4849	953
9373	954
4469	955
6864	956
5536	957
4790	958
4536	959
376	960
8240	961
4688	962
9812	963
2031	964
2229	965
3357	966
8176	967
2165	968
5364	969
7948	970
230	971
4219	972
5880	973
7160	974
7332	975
9945	976
7461	977
9697	978
6491	979
4454	980
5863	981
8993	982
7991	983
4657	984
6853	985
8163	986
7596	987
3421	988
7453	989
703	990
2483	991
3735	992
6757	993
9722	994
8433	995
1571	996
3935	997
6725	998
6961	999
1911	1000
7947	1001
2258	1002
1734	1003
3284	1004
8632	1005
1868	1006
1024	1007
824	1008
7	1009
1788	1010
5315	1011
3054	1012
6047	1013
4554	1014
5900	1015
7733	1016
1038	1017
3381	1018
5313	1019
8044	1020
5926	1021
9535	1022
5709	1023
1007	1024
2270	1025
7018	1026
8180	1027
2257	1028
454	1029
11	1030
484	1031
1299	1032
2945	1033
9911	1034
2520	1035
5772	1036
8746	1037
2985	1038
7292	1039
6936	1040
5753	1041
5011	1042
7655	1043
9520	1044
3116	1045
2219	1046
6931	1047
1325	1048
750	1049
4379	1050
8507	1051
9254	1052
9752	1053
84	1054
741	1055
7546	1056
8125	1057
8797	1058
1143	1059
9503	1060
8575	1061
8081	1062
6816	1063
8709	1064
4773	1065
5557	1066
6412	1067
6006	1068
6347	1069
4676	1070
7739	1071
2937	1072
1356	1073
7675	1074
9565	1075
7787	1076
3353	1077
8461	1078
701	1079
8108	1080
4534	1081
1165	1082
6887	1083
3295	1084
3982	1085
6164	1086
6459	1087
1785	1088
7223	1089
2035	1090
1466	1091
8784	1092
6723	1093
7577	1094
3156	1095
1099	1096
7675	1097
480	1098
3115	1099
8512	1100
6306	1101
5866	1102
7213	1103
9803	1104
9719	1105
6426	1106
4394	1107
3840	1108
9409	1109
2957	1110
2136	1111
8626	1112
9522	1113
4598	1114
7227	1115
4832	1116
2813	1117
477	1118
7934	1119
321	1120
2191	1121
24	1122
1500	1123
9373	1124
4582	1125
8944	1126
8072	1127
5287	1128
7837	1129
9681	1130
5270	1131
6158	1132
6696	1133
8037	1134
5296	1135
1831	1136
1399	1137
7990	1138
754	1139
6380	1140
1713	1141
9198	1142
1539	1143
9786	1144
8231	1145
1523	1146
3926	1147
5258	1148
6857	1149
3966	1150
3728	1151
1644	1152
1746	1153
1725	1154
3541	1155
5305	1156
2873	1157
9537	1158
2191	1159
6416	1160
842	1161
4635	1162
205	1163
3845	1164
1082	1165
3718	1166
251	1167
1219	1168
8977	1169
6172	1170
5591	1171
9487	1172
5652	1173
7305	1174
8690	1175
4028	1176
6233	1177
5071	1178
4146	1179
3244	1180
8195	1181
3964	1182
9446	1183
859	1184
9566	1185
9965	1186
4131	1187
9160	1188
6354	1189
6060	1190
4852	1191
6748	1192
3012	1193
7590	1194
1138	1195
7429	1196
4145	1197
9146	1198
8497	1199
6669	1200
7235	1201
6043	1202
5342	1203
8931	1204
8202	1205
4447	1206
1319	1207
3140	1208
692	1209
4495	1210
6385	1211
8782	1212
4447	1213
4293	1214
9882	1215
9170	1216
6236	1217
1703	1218
1168	1219
1256	1220
7434	1221
6950	1222
5339	1223
7982	1224
9848	1225
4369	1226
324	1227
4190	1228
8744	1229
5640	1230
5876	1231
1449	1232
1959	1233
7801	1234
5435	1235
6815	1236
1233	1237
341	1238
3074	1239
6009	1240
8716	1241
2820	1242
7626	1243
4928	1244
8121	1245
3153	1246
9355	1247
5483	1248
1772	1249
7866	1250
3667	1251
4009	1252
1722	1253
5177	1254
2507	1255
1220	1256
6175	1257
4658	1258
9818	1259
449	1260
6403	1261
883	1262
804	1263
1404	1264
1450	1265
3919	1266
524	1267
4335	1268
5890	1269
7516	1270
5838	1271
3413	1272
4291	1273
1459	1274
5715	1275
5176	1276
9818	1277
6787	1278
3479	1279
8400	1280
2850	1281
1690	1282
6511	1283
8016	1284
7308	1285
8811	1286
8731	1287
6690	1288
6795	1289
7562	1290
9503	1291
7250	1292
7038	1293
922	1294
8612	1295
8615	1296
2295	1297
5222	1298
1032	1299
9326	1300
8269	1301
6682	1302
4233	1303
6153	1304
8066	1305
8028	1306
7649	1307
8543	1308
2687	1309
8904	1310
6090	1311
436	1312
9265	1313
451	1314
7157	1315
6995	1316
297	1317
6683	1318
4526	1319
478	1320
2167	1321
3136	1322
9109	1323
4562	1324
6586	1325
6200	1326
585	1327
4625	1328
2870	1329
7318	1330
6465	1331
5534	1332
3355	1333
5791	1334
2671	1335
6730	1336
471	1337
888	1338
9725	1339
4820	1340
674	1341
7319	1342
556	1343
7212	1344
8929	1345
9859	1346
3125	1347
3516	1348
5754	1349
2078	1350
709	1351
3384	1352
6916	1353
411	1354
4361	1355
1073	1356
3745	1357
6251	1358
1524	1359
1702	1360
3738	1361
5291	1362
6749	1363
2729	1364
3122	1365
8897	1366
972	1367
7049	1368
221	1369
3827	1370
4097	1371
5844	1372
1528	1373
767	1374
9878	1375
5427	1376
61	1377
5020	1378
5256	1379
8508	1380
1672	1381
405	1382
1598	1383
9779	1384
4546	1385
8384	1386
5651	1387
5735	1388
8691	1389
3839	1390
2398	1391
74	1392
6690	1393
7196	1394
4684	1395
6218	1396
212	1397
6015	1398
1137	1399
2770	1400
4355	1401
7505	1402
8688	1403
1264	1404
6847	1405
9086	1406
8550	1407
5515	1408
9425	1409
98	1410
1727	1411
4080	1412
4838	1413
9966	1414
3206	1415
4578	1416
335	1417
6220	1418
98	1419
809	1420
8985	1421
9551	1422
7543	1423
8694	1424
8514	1425
1649	1426
6777	1427
2456	1428
5200	1429
4372	1430
5858	1431
819	1432
1781	1433
3871	1434
290	1435
2535	1436
1981	1437
5602	1438
3736	1439
9812	1440
7443	1441
9468	1442
9746	1443
9771	1444
8916	1445
2926	1446
720	1447
428	1448
3678	1449
6978	1450
2974	1451
7267	1452
5658	1453
1542	1454
5251	1455
8382	1456
6292	1457
5133	1458
1274	1459
6836	1460
5553	1461
8070	1462
2687	1463
9068	1464
3676	1465
9989	1466
3302	1467
3695	1468
5976	1469
6180	1470
3011	1471
3355	1472
2024	1473
7242	1474
6269	1475
5940	1476
874	1477
2850	1478
9823	1479
3422	1480
5656	1481
2361	1482
4584	1483
6670	1484
9516	1485
7282	1486
6960	1487
7849	1488
2362	1489
7381	1490
2823	1491
2966	1492
3982	1493
9420	1494
5598	1495
4835	1496
2902	1497
156	1498
7686	1499
7	1500
8970	1501
36	1502
851	1503
9463	1504
8072	1505
6435	1506
745	1507
3283	1508
5913	1509
3468	1510
2602	1511
9206	1512
5295	1513
3006	1514
5556	1515
2630	1516
4257	1517
3182	1518
4672	1519
5712	1520
9932	1521
5907	1522
1146	1523
7000	1524
9544	1525
3092	1526
2928	1527
1373	1528
4835	1529
758	1530
6818	1531
6205	1532
2798	1533
757	1534
26	1535
9064	1536
4377	1537
9531	1538
1143	1539
9846	1540
3842	1541
7843	1542
3742	1543
6398	1544
4724	1545
4446	1546
3620	1547
4272	1548
6300	1549
7202	1550
6971	1551
9950	1552
6486	1553
846	1554
8901	1555
108	1556
9789	1557
2775	1558
2134	1559
170	1560
4125	1561
9548	1562
2259	1563
2250	1564
6081	1565
9219	1566
7802	1567
6929	1568
431	1569
9983	1570
5028	1571
3871	1572
8426	1573
6292	1574
2451	1575
940	1576
8321	1577
2098	1578
8210	1579
2374	1580
2424	1581
5165	1582
5649	1583
2366	1584
1986	1585
6238	1586
6794	1587
7315	1588
6864	1589
90	1590
7283	1591
5267	1592
412	1593
2930	1594
6346	1595
8229	1596
1705	1597
1383	1598
1866	1599
1034	1600
9915	1601
8786	1602
4154	1603
3294	1604
2485	1605
1545	1606
1550	1607
8920	1608
1901	1609
8628	1610
9541	1611
5486	1612
8988	1613
4439	1614
175	1615
3892	1616
3304	1617
3472	1618
2179	1619
7180	1620
8131	1621
3695	1622
8147	1623
761	1624
5468	1625
7079	1626
107	1627
5045	1628
5844	1629
8086	1630
300	1631
7261	1632
5685	1633
4653	1634
8484	1635
2441	1636
9654	1637
286	1638
990	1639
3916	1640
8473	1641
5311	1642
132	1643
4940	1644
2396	1645
5513	1646
7235	1647
8062	1648
5241	1649
2530	1650
8852	1651
7563	1652
4913	1653
452	1654
1256	1655
7876	1656
4077	1657
7635	1658
5780	1659
8016	1660
8909	1661
6485	1662
6564	1663
5974	1664
5172	1665
1790	1666
7611	1667
1166	1668
4534	1669
299	1670
8833	1671
2690	1672
8550	1673
3031	1674
4578	1675
7289	1676
6531	1677
8464	1678
2105	1679
3053	1680
3636	1681
2986	1682
8244	1683
3603	1684
4526	1685
7270	1686
1694	1687
9584	1688
631	1689
1282	1690
2281	1691
7374	1692
4658	1693
5504	1694
4132	1695
2640	1696
4371	1697
8769	1698
3474	1699
2285	1700
9006	1701
1360	1702
9757	1703
331	1704
6380	1705
6084	1706
4266	1707
5035	1708
3404	1709
3760	1710
8772	1711
4994	1712
1141	1713
410	1714
5149	1715
7275	1716
9969	1717
9487	1718
5071	1719
9759	1720
3703	1721
9345	1722
5785	1723
2143	1724
7445	1725
187	1726
1411	1727
7460	1728
8829	1729
6394	1730
7144	1731
3116	1732
2203	1733
1003	1734
4079	1735
9844	1736
659	1737
1653	1738
2780	1739
9348	1740
3930	1741
8034	1742
5037	1743
5454	1744
6575	1745
1153	1746
5471	1747
351	1748
1457	1749
3724	1750
412	1751
4506	1752
5749	1753
7937	1754
2811	1755
9977	1756
6141	1757
1448	1758
110	1759
6402	1760
5970	1761
7385	1762
4666	1763
1527	1764
8499	1765
9538	1766
384	1767
8959	1768
9454	1769
2673	1770
6695	1771
1249	1772
6808	1773
8756	1774
5003	1775
1811	1776
5896	1777
9874	1778
3381	1779
9991	1780
840	1781
2225	1782
150	1783
5957	1784
9635	1785
7925	1786
3269	1787
3826	1788
1977	1789
9794	1790
7859	1791
1528	1792
6508	1793
5316	1794
9682	1795
3423	1796
882	1797
1954	1798
560	1799
817	1800
5670	1801
8108	1802
8690	1803
2347	1804
7713	1805
4718	1806
1937	1807
2937	1808
6994	1809
3364	1810
3392	1811
7806	1812
6365	1813
1767	1814
464	1815
2013	1816
4075	1817
758	1818
3140	1819
9404	1820
779	1821
4012	1822
704	1823
322	1824
3378	1825
7171	1826
4681	1827
4359	1828
9579	1829
9820	1830
8270	1831
4867	1832
4434	1833
6240	1834
6692	1835
325	1836
5623	1837
54	1838
9871	1839
2592	1840
6804	1841
5514	1842
7311	1843
5099	1844
7960	1845
7164	1846
9996	1847
2398	1848
3063	1849
5673	1850
5462	1851
3366	1852
8411	1853
9261	1854
4567	1855
5946	1856
4222	1857
9316	1858
4810	1859
3432	1860
7233	1861
5231	1862
7465	1863
6379	1864
3290	1865
4067	1866
4332	1867
1006	1868
6033	1869
7430	1870
4130	1871
2669	1872
6713	1873
4810	1874
1500	1875
3602	1876
763	1877
9252	1878
2318	1879
7587	1880
9136	1881
7413	1882
8640	1883
6589	1884
1927	1885
2137	1886
3497	1887
3842	1888
2892	1889
2962	1890
9439	1891
8513	1892
5784	1893
8959	1894
886	1895
8060	1896
2379	1897
2382	1898
1958	1899
7693	1900
5951	1901
1872	1902
7219	1903
8650	1904
306	1905
8179	1906
837	1907
9247	1908
6680	1909
646	1910
1000	1911
556	1912
6327	1913
770	1914
14	1915
2509	1916
419	1917
2477	1918
7460	1919
8184	1920
1971	1921
9918	1922
7472	1923
5010	1924
484	1925
7618	1926
1885	1927
1897	1928
409	1929
8234	1930
9801	1931
186	1932
9766	1933
3148	1934
3304	1935
4344	1936
8536	1937
9212	1938
853	1939
254	1940
4983	1941
3964	1942
8964	1943
875	1944
2315	1945
831	1946
7548	1947
3307	1948
6676	1949
1439	1950
4224	1951
5247	1952
921	1953
1798	1954
7697	1955
9524	1956
3277	1957
1899	1958
9029	1959
9048	1960
2429	1961
2481	1962
5009	1963
3996	1964
6172	1965
6144	1966
2570	1967
577	1968
2788	1969
7015	1970
1921	1971
4975	1972
4479	1973
4900	1974
5239	1975
8848	1976
1789	1977
7719	1978
9894	1979
9149	1980
1437	1981
9732	1982
6646	1983
9292	1984
105	1985
5338	1986
5566	1987
5898	1988
5600	1989
7473	1990
4239	1991
8492	1992
2175	1993
9534	1994
6153	1995
3891	1996
4342	1997
9763	1998
3233	1999
1034	2000
5712	2001
1316	2002
3349	2003
3126	2004
3614	2005
5231	2006
4258	2007
6399	2008
1267	2009
4397	2010
3352	2011
5519	2012
5932	2013
8991	2014
7866	2015
3908	2016
6780	2017
218	2018
8079	2019
1258	2020
3152	2021
2449	2022
6225	2023
1473	2024
9610	2025
500	2026
3889	2027
7029	2028
6266	2029
8240	2030
6804	2031
2246	2032
9711	2033
3883	2034
9154	2035
8022	2036
5275	2037
5180	2038
4911	2039
5733	2040
4927	2041
8999	2042
1720	2043
2196	2044
5377	2045
2223	2046
8070	2047
1130	2048
6499	2049
8342	2050
4920	2051
5026	2052
3730	2053
9105	2054
5114	2055
2637	2056
127	2057
2353	2058
9592	2059
8532	2060
5701	2061
1378	2062
5504	2063
2468	2064
5283	2065
5225	2066
7844	2067
3437	2068
5490	2069
8138	2070
731	2071
3765	2072
3353	2073
8067	2074
2055	2075
8997	2076
942	2077
1350	2078
6288	2079
3916	2080
5477	2081
7508	2082
871	2083
5351	2084
3623	2085
8190	2086
6306	2087
7370	2088
371	2089
2509	2090
5190	2091
705	2092
5997	2093
3055	2094
6746	2095
1447	2096
7594	2097
1578	2098
2005	2099
6687	2100
6656	2101
6717	2102
7839	2103
9817	2104
5734	2105
5130	2106
1801	2107
4035	2108
4285	2109
3423	2110
2586	2111
6194	2112
4258	2113
5710	2114
9647	2115
7178	2116
3378	2117
9521	2118
917	2119
9434	2120
2601	2121
2531	2122
5642	2123
4713	2124
225	2125
6761	2126
8134	2127
8282	2128
5400	2129
2666	2130
806	2131
2942	2132
7277	2133
2110	2134
4280	2135
1111	2136
1886	2137
3666	2138
3521	2139
9070	2140
6458	2141
5805	2142
5489	2143
2554	2144
9649	2145
9237	2146
1512	2147
9211	2148
2599	2149
2506	2150
494	2151
6090	2152
394	2153
868	2154
1146	2155
7720	2156
2529	2157
2679	2158
8640	2159
623	2160
6214	2161
2530	2162
873	2163
2448	2164
968	2165
9973	2166
6920	2167
3421	2168
9142	2169
9260	2170
5059	2171
2827	2172
652	2173
2297	2174
5841	2175
3556	2176
2388	2177
7785	2178
1619	2179
2907	2180
6388	2181
3308	2182
5324	2183
7185	2184
9231	2185
3846	2186
9314	2187
4790	2188
4406	2189
3078	2190
1121	2191
5309	2192
4683	2193
8207	2194
8278	2195
2044	2196
8801	2197
6563	2198
4077	2199
6999	2200
3044	2201
5405	2202
3752	2203
3528	2204
4574	2205
654	2206
7041	2207
2801	2208
4955	2209
9737	2210
2738	2211
9758	2212
7806	2213
1453	2214
5410	2215
5053	2216
892	2217
3251	2218
5216	2219
1052	2220
1808	2221
7612	2222
350	2223
7200	2224
6800	2225
7246	2226
5341	2227
8409	2228
3623	2229
7891	2230
5211	2231
6898	2232
8908	2233
349	2234
9494	2235
9169	2236
1284	2237
5982	2238
3556	2239
2446	2240
9694	2241
6722	2242
35	2243
3477	2244
5607	2245
1083	2246
8399	2247
9441	2248
7111	2249
1564	2250
2643	2251
450	2252
3383	2253
9917	2254
3897	2255
108	2256
8821	2257
7827	2258
6498	2259
9696	2260
3162	2261
4770	2262
650	2263
3840	2264
5644	2265
8095	2266
9643	2267
3677	2268
5578	2269
8787	2270
8968	2271
9669	2272
6843	2273
5344	2274
9764	2275
6686	2276
154	2277
8622	2278
8568	2279
7637	2280
1691	2281
2905	2282
924	2283
6279	2284
3282	2285
3524	2286
3727	2287
664	2288
5142	2289
3330	2290
3200	2291
9298	2292
9573	2293
4100	2294
9528	2295
5523	2296
2174	2297
7805	2298
756	2299
662	2300
8568	2301
5032	2302
8164	2303
7440	2304
7555	2305
6542	2306
5569	2307
366	2308
77	2309
3550	2310
8898	2311
5372	2312
9507	2313
7759	2314
7049	2315
3960	2316
7087	2317
5110	2318
8138	2319
4276	2320
5944	2321
9938	2322
9401	2323
414	2324
2941	2325
3633	2326
7625	2327
4038	2328
8207	2329
9546	2330
2165	2331
8358	2332
7528	2333
5074	2334
2174	2335
5822	2336
6159	2337
8290	2338
1549	2339
5614	2340
1836	2341
4822	2342
119	2343
2256	2344
5487	2345
1513	2346
1804	2347
4278	2348
226	2349
6783	2350
8624	2351
2687	2352
2058	2353
7468	2354
8240	2355
9668	2356
9565	2357
9354	2358
4584	2359
8885	2360
1482	2361
4574	2362
2788	2363
2857	2364
3819	2365
1584	2366
9630	2367
4714	2368
2813	2369
7098	2370
8162	2371
71	2372
6199	2373
1580	2374
8162	2375
3774	2376
4905	2377
3750	2378
1897	2379
9038	2380
606	2381
7097	2382
2036	2383
7740	2384
1529	2385
545	2386
4965	2387
2177	2388
500	2389
675	2390
279	2391
4480	2392
990	2393
3038	2394
2693	2395
8379	2396
7609	2397
1391	2398
9980	2399
367	2400
3812	2401
343	2402
5266	2403
6310	2404
277	2405
6393	2406
482	2407
6901	2408
4693	2409
4589	2410
7286	2411
8589	2412
6317	2413
9381	2414
5638	2415
5917	2416
3832	2417
5551	2418
9570	2419
7036	2420
5325	2421
8127	2422
6740	2423
1581	2424
3785	2425
4109	2426
1788	2427
453	2428
7024	2429
3629	2430
55	2431
8614	2432
3148	2433
3993	2434
4659	2435
6472	2436
8605	2437
6486	2438
7090	2439
3487	2440
1636	2441
7117	2442
4875	2443
6519	2444
1005	2445
5706	2446
8422	2447
2164	2448
2022	2449
8038	2450
2889	2451
9621	2452
2308	2453
8430	2454
2906	2455
6167	2456
2673	2457
6596	2458
2530	2459
7621	2460
6758	2461
6588	2462
3864	2463
3870	2464
8992	2465
6373	2466
7230	2467
2064	2468
7792	2469
751	2470
3315	2471
6425	2472
3723	2473
6830	2474
8927	2475
7877	2476
2622	2477
7935	2478
3949	2479
7940	2480
5669	2481
8135	2482
991	2483
3424	2484
4796	2485
8089	2486
4779	2487
6146	2488
6058	2489
216	2490
5510	2491
7814	2492
6799	2493
4634	2494
5900	2495
809	2496
8313	2497
7547	2498
7889	2499
9302	2500
4055	2501
4305	2502
5595	2503
8715	2504
5658	2505
2150	2506
5795	2507
3060	2508
1916	2509
9404	2510
3837	2511
7455	2512
1846	2513
3418	2514
9838	2515
4833	2516
3947	2517
6038	2518
616	2519
1035	2520
6778	2521
2623	2522
7815	2523
4617	2524
419	2525
8719	2526
9660	2527
5340	2528
8553	2529
1650	2530
9955	2531
5673	2532
6558	2533
1876	2534
5009	2535
5856	2536
3307	2537
1832	2538
578	2539
8513	2540
3877	2541
3337	2542
2237	2543
5435	2544
7745	2545
8424	2546
915	2547
560	2548
9306	2549
886	2550
5163	2551
9141	2552
3493	2553
2144	2554
2235	2555
842	2556
2173	2557
8567	2558
4269	2559
8200	2560
7435	2561
5855	2562
713	2563
6275	2564
8312	2565
410	2566
601	2567
4883	2568
455	2569
1967	2570
8910	2571
3844	2572
8468	2573
699	2574
8409	2575
3984	2576
5905	2577
1448	2578
3713	2579
4537	2580
5444	2581
7182	2582
2383	2583
7598	2584
4885	2585
5865	2586
4626	2587
783	2588
9218	2589
3017	2590
2048	2591
27	2592
4775	2593
1156	2594
9989	2595
2160	2596
4728	2597
4787	2598
8127	2599
806	2600
2121	2601
1511	2602
9348	2603
1169	2604
7663	2605
2700	2606
5367	2607
5607	2608
7017	2609
5856	2610
103	2611
629	2612
5537	2613
4337	2614
4015	2615
162	2616
8132	2617
7138	2618
5532	2619
7509	2620
8811	2621
2477	2622
6747	2623
2542	2624
9706	2625
7748	2626
91	2627
5583	2628
7286	2629
1516	2630
6715	2631
1281	2632
4318	2633
4840	2634
5027	2635
1484	2636
6567	2637
749	2638
5245	2639
1696	2640
2839	2641
4473	2642
2251	2643
3105	2644
6275	2645
945	2646
8620	2647
132	2648
9569	2649
8477	2650
3207	2651
3875	2652
1703	2653
4557	2654
7576	2655
3	2656
3653	2657
8573	2658
6298	2659
3248	2660
4275	2661
224	2662
6547	2663
8974	2664
7876	2665
2130	2666
347	2667
8241	2668
1872	2669
7055	2670
1335	2671
4762	2672
2457	2673
4479	2674
9611	2675
959	2676
5864	2677
8168	2678
2158	2679
1051	2680
551	2681
3738	2682
292	2683
8591	2684
4819	2685
541	2686
1463	2687
888	2688
1723	2689
1672	2690
5619	2691
3581	2692
2395	2693
3188	2694
8685	2695
4103	2696
2987	2697
923	2698
1448	2699
741	2700
7020	2701
9041	2702
6012	2703
2904	2704
9460	2705
5333	2706
542	2707
7625	2708
6692	2709
8466	2710
8115	2711
7456	2712
4617	2713
8868	2714
1127	2715
39	2716
1280	2717
4564	2718
5339	2719
4864	2720
7825	2721
651	2722
4471	2723
9477	2724
5789	2725
470	2726
8595	2727
6256	2728
7629	2729
4780	2730
3362	2731
311	2732
5983	2733
8678	2734
6936	2735
9053	2736
106	2737
2211	2738
6285	2739
3228	2740
8377	2741
8985	2742
111	2743
8213	2744
7566	2745
4324	2746
8980	2747
2506	2748
7195	2749
3689	2750
5889	2751
768	2752
134	2753
8724	2754
4458	2755
6918	2756
3227	2757
7693	2758
106	2759
7224	2760
8172	2761
2820	2762
4331	2763
3574	2764
1052	2765
8979	2766
2347	2767
197	2768
3958	2769
1400	2770
4193	2771
7829	2772
6667	2773
5032	2774
8478	2775
9901	2776
6457	2777
2861	2778
720	2779
8197	2780
8661	2781
69	2782
372	2783
3356	2784
8657	2785
8110	2786
4399	2787
2363	2788
9651	2789
9024	2790
2315	2791
204	2792
6040	2793
8993	2794
7344	2795
3484	2796
6311	2797
1533	2798
2906	2799
3993	2800
4263	2801
2212	2802
1367	2803
8431	2804
683	2805
4910	2806
3433	2807
438	2808
1187	2809
5415	2810
1755	2811
8841	2812
1117	2813
6199	2814
4521	2815
7043	2816
8799	2817
4173	2818
5746	2819
3291	2820
4788	2821
5185	2822
3184	2823
8229	2824
5174	2825
9128	2826
2172	2827
5547	2828
3278	2829
8126	2830
1514	2831
9970	2832
7653	2833
5699	2834
3069	2835
9222	2836
3387	2837
4955	2838
3297	2839
96	2840
9279	2841
4841	2842
8569	2843
7598	2844
4569	2845
7602	2846
8201	2847
7246	2848
7458	2849
1478	2850
5939	2851
5732	2852
5234	2853
3007	2854
658	2855
738	2856
2364	2857
8872	2858
8409	2859
2971	2860
2778	2861
4891	2862
9994	2863
8449	2864
2294	2865
3410	2866
7177	2867
4491	2868
1594	2869
1329	2870
9073	2871
138	2872
5080	2873
4485	2874
3633	2875
952	2876
7343	2877
249	2878
6227	2879
3555	2880
4011	2881
7703	2882
4421	2883
3805	2884
779	2885
7689	2886
193	2887
6053	2888
2451	2889
5985	2890
5552	2891
1889	2892
9087	2893
6050	2894
1525	2895
8998	2896
4843	2897
7265	2898
9356	2899
9158	2900
2687	2901
1497	2902
7129	2903
2704	2904
2282	2905
9523	2906
1723	2907
6025	2908
523	2909
6753	2910
2497	2911
7893	2912
7922	2913
4971	2914
1900	2915
5609	2916
3237	2917
1249	2918
4046	2919
6366	2920
8763	2921
3406	2922
5656	2923
3256	2924
4683	2925
1446	2926
5254	2927
1527	2928
4402	2929
4682	2930
3247	2931
9062	2932
7863	2933
5075	2934
7093	2935
9914	2936
4850	2937
5626	2938
9270	2939
7381	2940
2325	2941
2132	2942
8915	2943
2375	2944
6466	2945
9980	2946
5305	2947
2551	2948
3864	2949
6423	2950
7424	2951
141	2952
9501	2953
1392	2954
9503	2955
6536	2956
3093	2957
887	2958
2911	2959
9102	2960
7106	2961
1890	2962
3853	2963
6999	2964
7063	2965
668	2966
4919	2967
36	2968
9930	2969
5955	2970
2860	2971
6554	2972
5267	2973
1451	2974
4857	2975
5415	2976
3611	2977
102	2978
7470	2979
7798	2980
3904	2981
4127	2982
5061	2983
1056	2984
1038	2985
1682	2986
2697	2987
2474	2988
8227	2989
9036	2990
6137	2991
5501	2992
8296	2993
8935	2994
4819	2995
5534	2996
3766	2997
9512	2998
1539	2999
8657	3000
9764	3001
5659	3002
9900	3003
5380	3004
7529	3005
1514	3006
2854	3007
4796	3008
3832	3009
5306	3010
1471	3011
1193	3012
8092	3013
8622	3014
397	3015
8950	3016
2747	3017
1058	3018
6258	3019
8015	3020
3321	3021
9291	3022
6930	3023
9150	3024
7321	3025
6388	3026
166	3027
6853	3028
9964	3029
9218	3030
791	3031
7338	3032
66	3033
9904	3034
6498	3035
6790	3036
179	3037
1450	3038
9759	3039
8938	3040
4158	3041
5230	3042
4374	3043
2201	3044
4512	3045
42	3046
3904	3047
5528	3048
728	3049
3404	3050
9130	3051
8573	3052
9660	3053
7456	3054
2094	3055
4303	3056
5957	3057
4173	3058
5825	3059
2508	3060
5328	3061
834	3062
1849	3063
3385	3064
3987	3065
5151	3066
4942	3067
6935	3068
9336	3069
9987	3070
9682	3071
5529	3072
5344	3073
9876	3074
4112	3075
8822	3076
9601	3077
2190	3078
5867	3079
6452	3080
9356	3081
9594	3082
9787	3083
282	3084
5480	3085
197	3086
3528	3087
7424	3088
7896	3089
6520	3090
7108	3091
1526	3092
2957	3093
7566	3094
5070	3095
3641	3096
6603	3097
5127	3098
8614	3099
1137	3100
542	3101
471	3102
6259	3103
4303	3104
9404	3105
7013	3106
5656	3107
9775	3108
7884	3109
7341	3110
7572	3111
5277	3112
1763	3113
3886	3114
1099	3115
1732	3116
1823	3117
2498	3118
934	3119
5025	3120
9955	3121
3202	3122
6867	3123
2773	3124
1347	3125
5961	3126
7985	3127
947	3128
8328	3129
2352	3130
7692	3131
9795	3132
139	3133
1477	3134
1862	3135
9338	3136
2003	3137
8801	3138
863	3139
4796	3140
9668	3141
4448	3142
9108	3143
8848	3144
3568	3145
2150	3146
5715	3147
1934	3148
2890	3149
7405	3150
884	3151
6913	3152
1282	3153
8436	3154
6785	3155
1095	3156
6159	3157
6696	3158
118	3159
8667	3160
489	3161
8077	3162
6423	3163
3536	3164
6825	3165
8193	3166
1257	3167
5162	3168
4260	3169
4847	3170
3539	3171
6471	3172
622	3173
3110	3174
449	3175
8154	3176
5091	3177
4419	3178
8493	3179
5742	3180
6157	3181
1518	3182
5888	3183
2823	3184
8195	3185
1217	3186
2101	3187
2694	3188
8076	3189
8677	3190
3289	3191
8823	3192
6626	3193
9341	3194
7134	3195
6345	3196
563	3197
309	3198
2922	3199
9066	3200
4365	3201
3122	3202
6409	3203
3587	3204
8629	3205
1415	3206
2651	3207
268	3208
4929	3209
5696	3210
4547	3211
5574	3212
8298	3213
6466	3214
9750	3215
4812	3216
4741	3217
8956	3218
3690	3219
9392	3220
4133	3221
4242	3222
8031	3223
2701	3224
7821	3225
3017	3226
1598	3227
1493	3228
7909	3229
2828	3230
815	3231
3321	3232
1999	3233
3313	3234
3000	3235
6690	3236
8732	3237
5559	3238
9116	3239
7403	3240
9138	3241
5973	3242
1374	3243
1180	3244
6900	3245
6975	3246
2931	3247
2660	3248
4373	3249
5727	3250
7223	3251
5720	3252
5954	3253
9796	3254
5339	3255
2924	3256
5755	3257
3057	3258
9096	3259
5226	3260
3057	3261
443	3262
9212	3263
2659	3264
6215	3265
3334	3266
5676	3267
5779	3268
6603	3269
86	3270
5404	3271
4335	3272
9603	3273
388	3274
8118	3275
3562	3276
1957	3277
2829	3278
9446	3279
5224	3280
6800	3281
2285	3282
8314	3283
1004	3284
4095	3285
8245	3286
9347	3287
3685	3288
3191	3289
1865	3290
2820	3291
7954	3292
8635	3293
9826	3294
3948	3295
4498	3296
2839	3297
6217	3298
2909	3299
8928	3300
8645	3301
289	3302
1885	3303
1935	3304
7027	3305
7183	3306
5653	3307
5025	3308
4539	3309
9540	3310
2207	3311
5361	3312
3234	3313
2068	3314
2471	3315
9180	3316
3565	3317
1547	3318
9955	3319
6848	3320
5439	3321
6183	3322
9415	3323
9757	3324
593	3325
3373	3326
9410	3327
2530	3328
4471	3329
2290	3330
7107	3331
9912	3332
110	3333
897	3334
5523	3335
3183	3336
3744	3337
8288	3338
5210	3339
5577	3340
9038	3341
5244	3342
693	3343
3682	3344
5662	3345
2851	3346
6913	3347
9289	3348
3547	3349
6888	3350
3596	3351
1146	3352
2073	3353
3806	3354
4506	3355
5802	3356
4919	3357
7133	3358
8752	3359
8719	3360
8992	3361
7944	3362
5285	3363
1810	3364
2705	3365
6575	3366
5209	3367
1283	3368
5110	3369
3535	3370
15	3371
7076	3372
3326	3373
4453	3374
7337	3375
4608	3376
7944	3377
1825	3378
9183	3379
102	3380
3586	3381
1004	3382
5043	3383
1352	3384
3892	3385
6242	3386
2837	3387
7806	3388
355	3389
3475	3390
8112	3391
1811	3392
6304	3393
8110	3394
8278	3395
8205	3396
5864	3397
2073	3398
2110	3399
6293	3400
7331	3401
6233	3402
1478	3403
1709	3404
6132	3405
2922	3406
8801	3407
7520	3408
7274	3409
2866	3410
7320	3411
8888	3412
876	3413
5888	3414
9547	3415
5035	3416
7132	3417
2514	3418
7914	3419
106	3420
2168	3421
1480	3422
2110	3423
2484	3424
5054	3425
7590	3426
2549	3427
8432	3428
4194	3429
7050	3430
3472	3431
222	3432
2807	3433
3799	3434
2361	3435
1870	3436
2068	3437
7492	3438
7533	3439
8862	3440
4354	3441
4631	3442
5797	3443
8234	3444
4080	3445
7513	3446
3193	3447
7358	3448
4949	3449
227	3450
1680	3451
658	3452
4452	3453
9853	3454
3568	3455
6608	3456
5879	3457
3718	3458
1802	3459
4317	3460
7180	3461
4939	3462
9628	3463
2234	3464
9610	3465
8062	3466
5896	3467
1510	3468
1935	3469
1415	3470
2551	3471
9362	3472
9174	3473
9557	3474
3390	3475
3971	3476
2244	3477
4124	3478
1279	3479
8279	3480
3295	3481
2968	3482
4852	3483
9212	3484
4658	3485
6455	3486
2440	3487
514	3488
6870	3489
4561	3490
5398	3491
7739	3492
2553	3493
696	3494
5540	3495
1926	3496
1887	3497
317	3498
8278	3499
5754	3500
8763	3501
9081	3502
7284	3503
8733	3504
7044	3505
5617	3506
3923	3507
6648	3508
5835	3509
6937	3510
4348	3511
5745	3512
9439	3513
295	3514
6115	3515
1348	3516
7384	3517
6870	3518
5814	3519
9046	3520
4277	3521
9793	3522
984	3523
2286	3524
234	3525
1530	3526
4240	3527
2204	3528
5469	3529
1311	3530
7932	3531
6334	3532
1988	3533
4994	3534
3370	3535
3164	3536
984	3537
7304	3538
4756	3539
6062	3540
1155	3541
1330	3542
1693	3543
4189	3544
8207	3545
5706	3546
3349	3547
2384	3548
4584	3549
7240	3550
4939	3551
5962	3552
4946	3553
7465	3554
2880	3555
2176	3556
5523	3557
6324	3558
7030	3559
1751	3560
5273	3561
3276	3562
1810	3563
8857	3564
3317	3565
2070	3566
6819	3567
3455	3568
7510	3569
110	3570
744	3571
8028	3572
9296	3573
3268	3574
8605	3575
9696	3576
7906	3577
8792	3578
1510	3579
95	3580
6496	3581
469	3582
4468	3583
2148	3584
8831	3585
5399	3586
3204	3587
1387	3588
7876	3589
4840	3590
6100	3591
5250	3592
4772	3593
8170	3594
9461	3595
3351	3596
5662	3597
8263	3598
4333	3599
3758	3600
172	3601
2108	3602
1684	3603
840	3604
4069	3605
7111	3606
8896	3607
8799	3608
880	3609
5358	3610
8271	3611
9032	3612
3571	3613
2005	3614
3884	3615
4048	3616
9018	3617
2049	3618
6674	3619
1547	3620
7022	3621
9270	3622
2085	3623
6680	3624
9676	3625
7893	3626
2733	3627
559	3628
6457	3629
8164	3630
4703	3631
5440	3632
2326	3633
390	3634
8843	3635
1681	3636
4902	3637
5547	3638
2252	3639
8701	3640
3096	3641
9562	3642
3334	3643
6959	3644
9251	3645
8651	3646
9706	3647
7557	3648
7729	3649
431	3650
3927	3651
2381	3652
2657	3653
6960	3654
9417	3655
9604	3656
929	3657
7373	3658
6783	3659
5199	3660
4201	3661
9048	3662
4634	3663
6832	3664
2312	3665
2138	3666
8909	3667
5101	3668
4959	3669
4389	3670
7525	3671
3623	3672
8142	3673
1253	3674
6029	3675
1465	3676
2268	3677
1449	3678
7752	3679
8238	3680
6879	3681
3344	3682
6544	3683
9607	3684
3288	3685
4177	3686
607	3687
7427	3688
4644	3689
3219	3690
7827	3691
3337	3692
2121	3693
7893	3694
1468	3695
7370	3696
3000	3697
7333	3698
1234	3699
1758	3700
410	3701
8134	3702
6207	3703
693	3704
4932	3705
2590	3706
6498	3707
869	3708
8575	3709
7474	3710
4023	3711
247	3712
2579	3713
3165	3714
7078	3715
3781	3716
7378	3717
9194	3718
9526	3719
5354	3720
6765	3721
8503	3722
4722	3723
1750	3724
1806	3725
6036	3726
3420	3727
1151	3728
8487	3729
2053	3730
7466	3731
1536	3732
248	3733
5556	3734
4576	3735
9801	3736
8463	3737
8777	3738
190	3739
8142	3740
3784	3741
1543	3742
5487	3743
3337	3744
1357	3745
4313	3746
6651	3747
2217	3748
3720	3749
4924	3750
3905	3751
67	3752
7392	3753
6216	3754
1976	3755
6235	3756
5291	3757
2303	3758
4927	3759
1092	3760
6490	3761
8782	3762
9227	3763
7957	3764
2072	3765
2997	3766
7446	3767
8304	3768
7430	3769
516	3770
1574	3771
8145	3772
8320	3773
627	3774
5032	3775
5618	3776
5850	3777
2833	3778
8860	3779
4029	3780
3716	3781
9173	3782
5096	3783
5575	3784
1006	3785
7590	3786
5764	3787
2045	3788
4592	3789
3144	3790
1481	3791
8707	3792
913	3793
7876	3794
1426	3795
877	3796
8053	3797
6424	3798
3434	3799
9482	3800
8498	3801
4193	3802
3495	3803
7176	3804
2884	3805
9933	3806
2174	3807
483	3808
2706	3809
8907	3810
4724	3811
9755	3812
6725	3813
9053	3814
4084	3815
6616	3816
9155	3817
5742	3818
2365	3819
6620	3820
5291	3821
3997	3822
8553	3823
9607	3824
8513	3825
1788	3826
1370	3827
5595	3828
4563	3829
3538	3830
1410	3831
620	3832
6745	3833
8190	3834
5953	3835
9479	3836
2511	3837
8323	3838
8857	3839
2264	3840
9427	3841
1888	3842
2216	3843
4613	3844
2860	3845
9401	3846
4362	3847
6140	3848
3581	3849
9963	3850
849	3851
3827	3852
2963	3853
6032	3854
3857	3855
748	3856
3855	3857
213	3858
659	3859
1049	3860
1046	3861
7300	3862
6008	3863
2463	3864
8713	3865
8529	3866
8693	3867
7912	3868
517	3869
3984	3870
1434	3871
7549	3872
8763	3873
1088	3874
6086	3875
4339	3876
6086	3877
7862	3878
6181	3879
5370	3880
5399	3881
22	3882
2034	3883
3615	3884
9728	3885
3044	3886
1120	3887
6270	3888
2027	3889
7138	3890
4700	3891
5312	3892
171	3893
4248	3894
7057	3895
2084	3896
7088	3897
2365	3898
9713	3899
6303	3900
6275	3901
5414	3902
5118	3903
6396	3904
3751	3905
6356	3906
1398	3907
2016	3908
231	3909
8270	3910
5425	3911
9717	3912
6598	3913
108	3914
9302	3915
1640	3916
8214	3917
3737	3918
1266	3919
498	3920
3599	3921
9270	3922
4341	3923
8977	3924
1015	3925
1147	3926
8724	3927
8795	3928
7832	3929
1741	3930
4102	3931
4030	3932
9559	3933
8771	3934
997	3935
5369	3936
6615	3937
2770	3938
4923	3939
8949	3940
5039	3941
8695	3942
6746	3943
8277	3944
8442	3945
5349	3946
6053	3947
3295	3948
2479	3949
5174	3950
6383	3951
6196	3952
4823	3953
4264	3954
8025	3955
4970	3956
849	3957
2769	3958
209	3959
2316	3960
3667	3961
5106	3962
6827	3963
5401	3964
312	3965
2136	3966
4064	3967
7498	3968
7749	3969
4033	3970
3476	3971
9924	3972
6534	3973
5202	3974
1130	3975
4883	3976
498	3977
6576	3978
9518	3979
7829	3980
8493	3981
1493	3982
8668	3983
3870	3984
9970	3985
4826	3986
4107	3987
1820	3988
7853	3989
6157	3990
3987	3991
6987	3992
2434	3993
4885	3994
6570	3995
5120	3996
58	3997
6893	3998
1313	3999
6329	4000
2094	4001
9972	4002
7023	4003
6799	4004
5592	4005
4925	4006
7047	4007
7237	4008
1252	4009
5192	4010
7650	4011
1822	4012
6522	4013
9556	4014
9902	4015
9371	4016
2730	4017
5787	4018
1173	4019
4906	4020
7028	4021
5650	4022
3711	4023
7909	4024
6304	4025
7420	4026
6648	4027
1176	4028
6474	4029
9062	4030
4285	4031
8393	4032
9798	4033
3452	4034
2108	4035
7596	4036
7853	4037
2328	4038
705	4039
9215	4040
3105	4041
1116	4042
9163	4043
5140	4044
4970	4045
2919	4046
9865	4047
3616	4048
178	4049
3258	4050
9118	4051
3876	4052
8327	4053
8628	4054
6911	4055
4102	4056
982	4057
377	4058
1769	4059
4455	4060
6785	4061
2829	4062
1252	4063
3967	4064
3808	4065
6363	4066
1866	4067
8804	4068
4615	4069
1182	4070
3945	4071
4473	4072
8785	4073
9434	4074
4736	4075
4454	4076
2199	4077
8987	4078
1735	4079
5079	4080
6321	4081
621	4082
9560	4083
612	4084
3529	4085
7094	4086
2781	4087
5863	4088
4455	4089
8239	4090
6122	4091
672	4092
7261	4093
4548	4094
921	4095
9870	4096
9278	4097
1083	4098
4323	4099
2294	4100
4266	4101
4056	4102
8562	4103
5874	4104
8269	4105
7365	4106
3987	4107
4397	4108
2426	4109
2162	4110
5645	4111
3075	4112
9530	4113
8008	4114
6121	4115
4348	4116
7694	4117
1451	4118
4276	4119
4711	4120
621	4121
6249	4122
233	4123
3478	4124
1561	4125
258	4126
2451	4127
4059	4128
355	4129
1871	4130
1187	4131
4338	4132
3221	4133
8946	4134
4631	4135
8939	4136
6247	4137
66	4138
4755	4139
6002	4140
3336	4141
886	4142
564	4143
55	4144
1197	4145
7168	4146
9613	4147
2165	4148
7235	4149
9835	4150
6307	4151
4224	4152
7198	4153
4530	4154
985	4155
927	4156
4699	4157
3041	4158
8847	4159
2189	4160
7797	4161
7675	4162
6209	4163
773	4164
9505	4165
5130	4166
2136	4167
6420	4168
2058	4169
1156	4170
2242	4171
8569	4172
2818	4173
8174	4174
1322	4175
3990	4176
725	4177
3647	4178
7303	4179
1698	4180
4986	4181
5932	4182
9409	4183
6408	4184
2404	4185
5463	4186
2818	4187
2530	4188
3197	4189
1228	4190
6754	4191
9320	4192
3802	4193
9407	4194
3437	4195
9758	4196
2997	4197
4530	4198
5328	4199
1800	4200
5822	4201
9793	4202
5284	4203
9963	4204
6463	4205
8588	4206
6207	4207
9434	4208
4718	4209
7006	4210
4906	4211
4121	4212
9314	4213
9814	4214
7771	4215
5981	4216
1003	4217
4803	4218
3116	4219
8677	4220
6135	4221
1857	4222
8945	4223
4152	4224
182	4225
246	4226
6942	4227
1387	4228
3352	4229
2362	4230
2366	4231
4958	4232
6209	4233
8458	4234
6560	4235
8631	4236
4193	4237
6388	4238
1991	4239
8623	4240
1955	4241
3222	4242
8578	4243
5619	4244
8551	4245
6855	4246
5289	4247
3894	4248
4963	4249
374	4250
179	4251
8418	4252
5642	4253
7646	4254
6136	4255
425	4256
1517	4257
2007	4258
4337	4259
8915	4260
287	4261
5394	4262
2801	4263
3954	4264
7849	4265
982	4266
6988	4267
113	4268
6666	4269
7028	4270
6542	4271
6557	4272
8172	4273
258	4274
493	4275
2320	4276
6711	4277
2348	4278
1410	4279
2135	4280
9480	4281
6074	4282
9046	4283
7224	4284
2109	4285
8764	4286
6967	4287
325	4288
3620	4289
7732	4290
9377	4291
5336	4292
1214	4293
2175	4294
945	4295
4791	4296
4957	4297
7249	4298
4686	4299
9531	4300
1436	4301
9357	4302
3104	4303
9795	4304
5512	4305
6647	4306
5972	4307
6340	4308
7500	4309
6952	4310
7959	4311
8106	4312
3746	4313
5341	4314
7228	4315
7343	4316
6173	4317
1784	4318
7997	4319
6983	4320
6611	4321
4311	4322
4099	4323
8539	4324
8048	4325
2141	4326
5340	4327
8484	4328
7534	4329
7389	4330
2763	4331
4275	4332
3599	4333
2854	4334
1268	4335
3296	4336
5111	4337
4132	4338
3876	4339
7744	4340
3923	4341
1095	4342
5546	4343
1936	4344
8646	4345
9632	4346
1767	4347
4116	4348
3772	4349
9011	4350
4001	4351
383	4352
260	4353
6486	4354
1401	4355
9272	4356
9728	4357
2200	4358
6882	4359
8304	4360
1355	4361
9899	4362
2344	4363
4169	4364
5894	4365
7786	4366
5544	4367
7891	4368
1226	4369
6979	4370
8101	4371
1430	4372
7499	4373
3043	4374
8049	4375
29	4376
6879	4377
8707	4378
130	4379
8647	4380
7412	4381
5958	4382
3094	4383
8369	4384
7338	4385
7863	4386
6293	4387
4476	4388
9248	4389
9110	4390
7077	4391
9870	4392
5207	4393
1107	4394
4895	4395
2349	4396
4108	4397
4717	4398
2787	4399
6076	4400
2569	4401
5894	4402
8446	4403
5133	4404
2454	4405
2189	4406
6077	4407
8554	4408
1868	4409
9926	4410
3396	4411
5540	4412
8010	4413
133	4414
9975	4415
2415	4416
8456	4417
5110	4418
4449	4419
6622	4420
2883	4421
7193	4422
1490	4423
4232	4424
2933	4425
182	4426
2528	4427
3004	4428
3133	4429
6020	4430
8728	4431
6204	4432
5068	4433
364	4434
2259	4435
9877	4436
9190	4437
3277	4438
1614	4439
333	4440
7386	4441
9016	4442
6943	4443
1274	4444
6241	4445
4992	4446
1206	4447
3142	4448
4419	4449
5846	4450
5325	4451
3453	4452
3374	4453
4076	4454
4060	4455
1637	4456
2651	4457
5965	4458
2731	4459
5694	4460
8805	4461
8638	4462
7523	4463
9600	4464
9757	4465
8461	4466
267	4467
3439	4468
955	4469
144	4470
3329	4471
7711	4472
4072	4473
2794	4474
4856	4475
2121	4476
1767	4477
3431	4478
6272	4479
2392	4480
4809	4481
7433	4482
8160	4483
8662	4484
2874	4485
400	4486
6176	4487
4069	4488
6791	4489
6851	4490
2747	4491
9090	4492
9274	4493
8190	4494
766	4495
3204	4496
398	4497
4235	4498
2760	4499
5191	4500
2629	4501
2160	4502
1748	4503
3880	4504
106	4505
3355	4506
1454	4507
6264	4508
1867	4509
8345	4510
5591	4511
4587	4512
506	4513
3688	4514
9796	4515
6388	4516
7078	4517
6662	4518
7010	4519
5423	4520
2815	4521
2665	4522
6169	4523
29	4524
5802	4525
1319	4526
9264	4527
5668	4528
7345	4529
4154	4530
8630	4531
8497	4532
7405	4533
1669	4534
768	4535
959	4536
2580	4537
8895	4538
8924	4539
6294	4540
1757	4541
8359	4542
1585	4543
9811	4544
8414	4545
1385	4546
3211	4547
276	4548
5642	4549
9776	4550
5568	4551
9754	4552
5827	4553
1014	4554
499	4555
8232	4556
2654	4557
1403	4558
9695	4559
4489	4560
5468	4561
949	4562
3829	4563
5183	4564
5335	4565
4108	4566
1855	4567
1806	4568
6233	4569
9323	4570
8973	4571
916	4572
6104	4573
2362	4574
3679	4575
3735	4576
5136	4577
1416	4578
6136	4579
1024	4580
9016	4581
2782	4582
5546	4583
3549	4584
8995	4585
1885	4586
4512	4587
727	4588
2410	4589
8257	4590
6414	4591
4818	4592
4657	4593
1523	4594
5602	4595
790	4596
9575	4597
470	4598
5624	4599
8638	4600
5492	4601
7851	4602
6998	4603
2408	4604
6305	4605
7413	4606
7681	4607
1497	4608
9957	4609
408	4610
4700	4611
7853	4612
3844	4613
3693	4614
4069	4615
488	4616
2713	4617
903	4618
9209	4619
5499	4620
7797	4621
4804	4622
9301	4623
9441	4624
1328	4625
8951	4626
37	4627
4520	4628
2590	4629
7645	4630
4135	4631
5311	4632
4164	4633
3663	4634
1162	4635
5366	4636
9570	4637
4177	4638
1554	4639
3507	4640
1225	4641
6345	4642
6268	4643
3689	4644
7820	4645
9810	4646
1672	4647
6475	4648
3964	4649
3254	4650
1599	4651
8901	4652
6551	4653
5782	4654
9783	4655
2215	4656
984	4657
1258	4658
2435	4659
4809	4660
8163	4661
4472	4662
7944	4663
1573	4664
5182	4665
9086	4666
440	4667
4659	4668
4462	4669
6740	4670
8884	4671
4917	4672
9839	4673
6499	4674
5797	4675
9558	4676
1793	4677
2487	4678
9591	4679
6443	4680
5298	4681
2930	4682
657	4683
4330	4684
271	4685
8767	4686
6398	4687
962	4688
6516	4689
6726	4690
9479	4691
5350	4692
5640	4693
2135	4694
3133	4695
6389	4696
5849	4697
5576	4698
4157	4699
3891	4700
2246	4701
5097	4702
6346	4703
9470	4704
5871	4705
5108	4706
2136	4707
3200	4708
4968	4709
5515	4710
9632	4711
6060	4712
2124	4713
2368	4714
6166	4715
7594	4716
4398	4717
4209	4718
8770	4719
6854	4720
6342	4721
3723	4722
2822	4723
1545	4724
6345	4725
8199	4726
5586	4727
5228	4728
3538	4729
2628	4730
9582	4731
3313	4732
6223	4733
9219	4734
6805	4735
4075	4736
809	4737
8927	4738
8716	4739
9578	4740
3217	4741
9453	4742
1373	4743
9404	4744
6260	4745
6014	4746
306	4747
321	4748
7004	4749
5979	4750
9468	4751
532	4752
6771	4753
8830	4754
8938	4755
3539	4756
625	4757
3716	4758
8468	4759
8945	4760
5392	4761
245	4762
8285	4763
7960	4764
8224	4765
475	4766
488	4767
8412	4768
7867	4769
2262	4770
5521	4771
667	4772
1065	4773
5823	4774
2976	4775
9454	4776
4083	4777
4463	4778
2487	4779
4236	4780
7526	4781
784	4782
8784	4783
7539	4784
540	4785
6326	4786
2598	4787
2821	4788
1958	4789
958	4790
4296	4791
8900	4792
5502	4793
4074	4794
4826	4795
2326	4796
9031	4797
6367	4798
6706	4799
1660	4800
117	4801
9700	4802
1514	4803
237	4804
8611	4805
6819	4806
7537	4807
7516	4808
4660	4809
4998	4810
1463	4811
5440	4812
4899	4813
670	4814
9616	4815
2565	4816
6985	4817
4592	4818
2685	4819
1340	4820
1147	4821
7620	4822
2509	4823
4453	4824
7219	4825
4795	4826
8735	4827
5725	4828
6005	4829
5838	4830
126	4831
1116	4832
5177	4833
5350	4834
8791	4835
602	4836
6457	4837
3311	4838
5186	4839
3590	4840
2842	4841
2890	4842
8494	4843
1298	4844
7032	4845
6073	4846
3170	4847
6326	4848
8461	4849
2937	4850
8583	4851
3483	4852
631	4853
6388	4854
7873	4855
8593	4856
2975	4857
9520	4858
741	4859
9100	4860
4624	4861
1694	4862
8292	4863
2720	4864
6306	4865
638	4866
7695	4867
7097	4868
635	4869
505	4870
9644	4871
6280	4872
8905	4873
5825	4874
2443	4875
9793	4876
6778	4877
2935	4878
1326	4879
8256	4880
388	4881
6956	4882
3976	4883
736	4884
3994	4885
5942	4886
545	4887
5646	4888
8388	4889
5922	4890
6268	4891
2246	4892
8982	4893
4522	4894
8364	4895
772	4896
5898	4897
7900	4898
4813	4899
3862	4900
6709	4901
6863	4902
6498	4903
2042	4904
3487	4905
4211	4906
997	4907
5293	4908
9501	4909
7427	4910
2039	4911
6049	4912
1653	4913
1831	4914
23	4915
9610	4916
4672	4917
228	4918
3357	4919
6382	4920
474	4921
7303	4922
3939	4923
330	4924
7447	4925
2973	4926
3759	4927
9898	4928
7213	4929
5483	4930
2678	4931
3256	4932
8360	4933
5104	4934
2435	4935
1251	4936
1231	4937
6786	4938
3462	4939
9155	4940
7707	4941
3067	4942
7896	4943
5137	4944
8109	4945
3553	4946
3072	4947
5019	4948
3449	4949
9019	4950
8261	4951
1142	4952
1446	4953
9358	4954
2209	4955
1914	4956
4297	4957
4232	4958
3669	4959
7116	4960
4753	4961
6437	4962
6866	4963
5319	4964
8702	4965
4810	4966
5177	4967
4709	4968
7245	4969
4045	4970
3072	4971
565	4972
802	4973
8932	4974
1972	4975
6140	4976
2551	4977
5012	4978
6506	4979
9779	4980
535	4981
2037	4982
7049	4983
6365	4984
2565	4985
4181	4986
5716	4987
9757	4988
6223	4989
9595	4990
9522	4991
9280	4992
310	4993
3534	4994
246	4995
9412	4996
7534	4997
4810	4998
8912	4999
8934	5000
6427	5001
8774	5002
6529	5003
3482	5004
5807	5005
7464	5006
322	5007
1713	5008
560	5009
8260	5010
1042	5011
4978	5012
4118	5013
5929	5014
6973	5015
5816	5016
1975	5017
9019	5018
4948	5019
1378	5020
6665	5021
4465	5022
8366	5023
5038	5024
3120	5025
2052	5026
2635	5027
1571	5028
7707	5029
2503	5030
7146	5031
9468	5032
561	5033
591	5034
1708	5035
5496	5036
1743	5037
5024	5038
8215	5039
5317	5040
3078	5041
3958	5042
3383	5043
7976	5044
899	5045
7696	5046
9140	5047
4048	5048
1129	5049
610	5050
7477	5051
631	5052
8695	5053
8241	5054
7039	5055
5396	5056
6524	5057
7529	5058
9582	5059
8128	5060
2983	5061
12	5062
4409	5063
7553	5064
203	5065
8367	5066
868	5067
6278	5068
5920	5069
3095	5070
1178	5071
1504	5072
7765	5073
2334	5074
9111	5075
5936	5076
99	5077
9180	5078
4080	5079
906	5080
2963	5081
8648	5082
5837	5083
6603	5084
7	5085
6145	5086
3791	5087
537	5088
771	5089
6666	5090
3177	5091
3360	5092
7159	5093
3568	5094
6450	5095
3783	5096
4702	5097
6852	5098
1844	5099
3948	5100
4054	5101
8739	5102
4489	5103
5834	5104
1761	5105
3962	5106
8527	5107
4706	5108
776	5109
2318	5110
4337	5111
3562	5112
7415	5113
2055	5114
6640	5115
8515	5116
3622	5117
3903	5118
9595	5119
3996	5120
6314	5121
9352	5122
9146	5123
7757	5124
6441	5125
2105	5126
8505	5127
6147	5128
6098	5129
2106	5130
7629	5131
1094	5132
1458	5133
9716	5134
9161	5135
4577	5136
4944	5137
9250	5138
7014	5139
4044	5140
7945	5141
1012	5142
1797	5143
3393	5144
52	5145
2297	5146
7344	5147
6771	5148
1715	5149
8446	5150
5727	5151
1575	5152
37	5153
6236	5154
6723	5155
2463	5156
4425	5157
908	5158
9591	5159
6439	5160
5432	5161
5843	5162
2551	5163
9701	5164
1582	5165
7500	5166
2426	5167
7168	5168
7228	5169
1678	5170
5629	5171
9375	5172
7434	5173
3950	5174
5220	5175
7450	5176
4833	5177
2435	5178
7858	5179
2780	5180
7586	5181
4665	5182
4564	5183
6925	5184
2822	5185
4839	5186
9330	5187
3334	5188
974	5189
2091	5190
4500	5191
1528	5192
1061	5193
3027	5194
2429	5195
4469	5196
3955	5197
125	5198
9437	5199
8182	5200
9948	5201
3974	5202
7334	5203
2932	5204
2343	5205
7608	5206
8632	5207
6819	5208
235	5209
3339	5210
2231	5211
7194	5212
9475	5213
2786	5214
4320	5215
2219	5216
573	5217
7989	5218
6189	5219
230	5220
2269	5221
6152	5222
7014	5223
3280	5224
2066	5225
3260	5226
6097	5227
7134	5228
97	5229
3042	5230
2006	5231
4986	5232
605	5233
6207	5234
9376	5235
5465	5236
7167	5237
7312	5238
7078	5239
9981	5240
9324	5241
8346	5242
4799	5243
3342	5244
7305	5245
7649	5246
6946	5247
7268	5248
1417	5249
5686	5250
7146	5251
2405	5252
7689	5253
753	5254
8520	5255
1379	5256
1602	5257
8862	5258
7353	5259
4	5260
5605	5261
4476	5262
3742	5263
3744	5264
371	5265
2403	5266
7210	5267
5417	5268
8551	5269
1131	5270
5262	5271
7494	5272
880	5273
2128	5274
2037	5275
412	5276
3112	5277
7372	5278
5763	5279
644	5280
8254	5281
486	5282
2065	5283
4203	5284
3363	5285
6432	5286
1128	5287
6703	5288
4247	5289
526	5290
1362	5291
5155	5292
4908	5293
1289	5294
6488	5295
3744	5296
5339	5297
4681	5298
829	5299
5361	5300
730	5301
3784	5302
9823	5303
8155	5304
1156	5305
9012	5306
9433	5307
505	5308
2192	5309
5710	5310
3409	5311
3892	5312
1019	5313
9796	5314
1011	5315
1794	5316
3271	5317
6101	5318
4964	5319
5455	5320
7498	5321
395	5322
1279	5323
2183	5324
4451	5325
6482	5326
2402	5327
4199	5328
1715	5329
8860	5330
1682	5331
553	5332
2706	5333
885	5334
1035	5335
4292	5336
6694	5337
1986	5338
1223	5339
8331	5340
6817	5341
1203	5342
3588	5343
2274	5344
8557	5345
77	5346
2642	5347
5892	5348
3946	5349
4692	5350
2084	5351
1304	5352
5371	5353
3720	5354
1330	5355
6821	5356
7632	5357
3610	5358
5866	5359
1572	5360
5300	5361
9275	5362
5001	5363
969	5364
498	5365
2796	5366
2607	5367
4988	5368
3936	5369
3880	5370
5353	5371
8142	5372
8097	5373
792	5374
8340	5375
6682	5376
2045	5377
157	5378
9350	5379
3004	5380
6540	5381
1334	5382
6246	5383
8358	5384
1029	5385
6796	5386
2363	5387
5138	5388
6374	5389
1729	5390
8087	5391
146	5392
7924	5393
2803	5394
341	5395
3587	5396
3637	5397
3491	5398
3586	5399
2129	5400
3964	5401
9452	5402
7105	5403
3271	5404
66	5405
2275	5406
6593	5407
210	5408
6730	5409
2215	5410
5625	5411
139	5412
5160	5413
7477	5414
2810	5415
5761	5416
5268	5417
7345	5418
6476	5419
342	5420
1982	5421
3427	5422
4520	5423
224	5424
9992	5425
8975	5426
1376	5427
3580	5428
6780	5429
231	5430
8931	5431
1982	5432
773	5433
7414	5434
2544	5435
257	5436
1893	5437
983	5438
3321	5439
3632	5440
3636	5441
7541	5442
9106	5443
4219	5444
7400	5445
8009	5446
3206	5447
653	5448
5883	5449
974	5450
8929	5451
8205	5452
3667	5453
1744	5454
178	5455
618	5456
2908	5457
2285	5458
2448	5459
7593	5460
4122	5461
1851	5462
4186	5463
9433	5464
5096	5465
869	5466
6425	5467
4561	5468
3529	5469
795	5470
7747	5471
8562	5472
674	5473
1734	5474
5306	5475
2826	5476
6454	5477
2424	5478
9911	5479
3085	5480
831	5481
9001	5482
1248	5483
5786	5484
1349	5485
42	5486
2345	5487
1165	5488
2143	5489
8699	5490
6672	5491
8506	5492
5346	5493
6373	5494
8666	5495
5036	5496
386	5497
9921	5498
6146	5499
1913	5500
9591	5501
1499	5502
4849	5503
1694	5504
468	5505
3623	5506
6789	5507
4657	5508
7030	5509
1019	5510
2139	5511
6635	5512
1646	5513
1215	5514
4710	5515
9774	5516
5725	5517
8250	5518
6861	5519
1960	5520
4771	5521
388	5522
3335	5523
5603	5524
7766	5525
6293	5526
8178	5527
3787	5528
3072	5529
1200	5530
225	5531
9699	5532
5304	5533
2996	5534
243	5535
8395	5536
2613	5537
7469	5538
111	5539
3495	5540
215	5541
357	5542
8864	5543
55	5544
7810	5545
4343	5546
2828	5547
3871	5548
9244	5549
8925	5550
2418	5551
2891	5552
1461	5553
1284	5554
2939	5555
9522	5556
1066	5557
199	5558
3482	5559
198	5560
253	5561
9830	5562
6944	5563
9434	5564
3422	5565
8029	5566
8460	5567
4551	5568
2307	5569
6724	5570
9629	5571
8538	5572
5807	5573
3212	5574
3784	5575
4698	5576
7995	5577
143	5578
9993	5579
3954	5580
1736	5581
5954	5582
2628	5583
7744	5584
7646	5585
6810	5586
7132	5587
8227	5588
1429	5589
8469	5590
1171	5591
4005	5592
4278	5593
3667	5594
3828	5595
8779	5596
8081	5597
7651	5598
9767	5599
1989	5600
5625	5601
4595	5602
5524	5603
4960	5604
5261	5605
3400	5606
2245	5607
7545	5608
2916	5609
8288	5610
7761	5611
6998	5612
8380	5613
2340	5614
7292	5615
6827	5616
7754	5617
3776	5618
4244	5619
532	5620
9812	5621
6934	5622
7306	5623
4599	5624
9899	5625
9334	5626
8484	5627
6349	5628
3923	5629
9163	5630
9861	5631
6403	5632
5815	5633
6203	5634
6287	5635
9658	5636
7696	5637
2415	5638
6507	5639
9117	5640
1818	5641
1292	5642
5016	5643
2265	5644
5670	5645
4888	5646
873	5647
5972	5648
9476	5649
6031	5650
1387	5651
817	5652
3307	5653
6373	5654
6596	5655
3107	5656
3049	5657
2505	5658
6084	5659
537	5660
3677	5661
9282	5662
3462	5663
9046	5664
9440	5665
3432	5666
8443	5667
968	5668
2481	5669
7202	5670
5256	5671
6410	5672
9019	5673
241	5674
47	5675
9106	5676
2657	5677
1233	5678
2202	5679
1810	5680
3104	5681
7042	5682
429	5683
1316	5684
2238	5685
5250	5686
3949	5687
36	5688
1128	5689
1365	5690
5882	5691
1770	5692
2003	5693
4460	5694
9031	5695
5652	5696
4351	5697
7638	5698
2834	5699
4131	5700
2061	5701
699	5702
6659	5703
7616	5704
8385	5705
2446	5706
8346	5707
2983	5708
8548	5709
5310	5710
1825	5711
2001	5712
7275	5713
210	5714
289	5715
9140	5716
4753	5717
499	5718
5288	5719
7703	5720
8015	5721
7593	5722
8614	5723
9697	5724
4828	5725
1197	5726
3250	5727
8374	5728
845	5729
450	5730
191	5731
2852	5732
2040	5733
246	5734
1388	5735
4882	5736
4770	5737
2230	5738
6459	5739
7867	5740
63	5741
3180	5742
4551	5743
1957	5744
6339	5745
7686	5746
2152	5747
7131	5748
366	5749
3513	5750
6198	5751
7381	5752
1041	5753
6635	5754
6473	5755
4968	5756
612	5757
6978	5758
3658	5759
3509	5760
5416	5761
5569	5762
7606	5763
311	5764
9013	5765
9391	5766
4430	5767
5557	5768
5394	5769
8303	5770
8973	5771
1036	5772
8725	5773
8004	5774
6840	5775
6764	5776
3265	5777
7671	5778
3268	5779
6586	5780
4114	5781
4654	5782
9166	5783
1893	5784
1723	5785
5484	5786
8159	5787
6458	5788
1181	5789
9017	5790
1334	5791
8837	5792
8445	5793
249	5794
2507	5795
3067	5796
7309	5797
9248	5798
8835	5799
6841	5800
7996	5801
3356	5802
9568	5803
4897	5804
5816	5805
7730	5806
5573	5807
590	5808
5367	5809
8728	5810
9288	5811
9926	5812
9186	5813
689	5814
9463	5815
5805	5816
5770	5817
8284	5818
6745	5819
4394	5820
6783	5821
2336	5822
3950	5823
8753	5824
9461	5825
6248	5826
9433	5827
9837	5828
1468	5829
3549	5830
6384	5831
6261	5832
1681	5833
5104	5834
3509	5835
6637	5836
5083	5837
1271	5838
8483	5839
249	5840
2175	5841
342	5842
3609	5843
1629	5844
7927	5845
9718	5846
6394	5847
4105	5848
4697	5849
3777	5850
5206	5851
1356	5852
1528	5853
494	5854
2562	5855
597	5856
6571	5857
133	5858
99	5859
7427	5860
2483	5861
349	5862
4226	5863
2677	5864
2586	5865
5359	5866
3079	5867
5960	5868
4873	5869
7160	5870
7096	5871
6692	5872
8402	5873
7595	5874
6405	5875
1231	5876
809	5877
8930	5878
3457	5879
973	5880
7504	5881
5691	5882
5449	5883
8275	5884
2195	5885
5053	5886
6795	5887
3183	5888
2751	5889
1269	5890
1022	5891
5348	5892
692	5893
4402	5894
2749	5895
1777	5896
2489	5897
1988	5898
7980	5899
1015	5900
9096	5901
5075	5902
6127	5903
7824	5904
2577	5905
1710	5906
1522	5907
9309	5908
741	5909
7759	5910
6884	5911
2936	5912
5731	5913
5794	5914
2613	5915
9107	5916
5047	5917
7166	5918
4028	5919
9233	5920
2558	5921
4890	5922
151	5923
6355	5924
8779	5925
1021	5926
5419	5927
9083	5928
312	5929
3914	5930
2306	5931
2013	5932
8643	5933
6027	5934
7341	5935
1523	5936
307	5937
4654	5938
2851	5939
151	5940
295	5941
4886	5942
9160	5943
2321	5944
8564	5945
1856	5946
2940	5947
7935	5948
6379	5949
6250	5950
273	5951
9687	5952
8456	5953
3253	5954
2970	5955
2108	5956
3057	5957
4382	5958
9110	5959
1542	5960
3126	5961
9081	5962
7999	5963
8147	5964
4458	5965
267	5966
6593	5967
494	5968
3752	5969
1761	5970
6095	5971
9638	5972
9987	5973
5183	5974
873	5975
1469	5976
7141	5977
1283	5978
4750	5979
2291	5980
6696	5981
2238	5982
7460	5983
6994	5984
8073	5985
5856	5986
8003	5987
5537	5988
1911	5989
2720	5990
2654	5991
5114	5992
8442	5993
5521	5994
7431	5995
2530	5996
2093	5997
1479	5998
3672	5999
7572	6000
712	6001
4140	6002
6864	6003
7401	6004
4829	6005
6293	6006
6459	6007
3863	6008
1240	6009
5222	6010
3803	6011
2703	6012
2078	6013
9814	6014
818	6015
1617	6016
7832	6017
6912	6018
1730	6019
9752	6020
3358	6021
6488	6022
6914	6023
9663	6024
2908	6025
9028	6026
5934	6027
9666	6028
3675	6029
8135	6030
5650	6031
67	6032
1869	6033
9204	6034
1730	6035
7366	6036
9427	6037
2518	6038
7150	6039
2793	6040
3840	6041
8143	6042
1653	6043
352	6044
1861	6045
6098	6046
8917	6047
5291	6048
4912	6049
2894	6050
339	6051
4278	6052
3947	6053
7087	6054
598	6055
1955	6056
4331	6057
2489	6058
3454	6059
7385	6060
8356	6061
9045	6062
1741	6063
6174	6064
8539	6065
7592	6066
7078	6067
4	6068
6027	6069
710	6070
7177	6071
7243	6072
4846	6073
4282	6074
1850	6075
8075	6076
6050	6077
8145	6078
5281	6079
5023	6080
1565	6081
8339	6082
570	6083
5659	6084
2412	6085
3877	6086
6621	6087
736	6088
563	6089
1311	6090
191	6091
7120	6092
1576	6093
8392	6094
5971	6095
1078	6096
5227	6097
205	6098
6902	6099
9129	6100
5318	6101
5253	6102
7319	6103
4573	6104
7569	6105
6940	6106
1916	6107
4634	6108
347	6109
1378	6110
7156	6111
3921	6112
1236	6113
9632	6114
3515	6115
7120	6116
9987	6117
6123	6118
6586	6119
9097	6120
6436	6121
8120	6122
6118	6123
778	6124
9536	6125
4987	6126
5903	6127
1926	6128
589	6129
8363	6130
4769	6131
3405	6132
4528	6133
2685	6134
577	6135
2530	6136
2991	6137
8867	6138
1535	6139
3848	6140
58	6141
3437	6142
1236	6143
1966	6144
3994	6145
8416	6146
6769	6147
9723	6148
8138	6149
9417	6150
6404	6151
5222	6152
1304	6153
754	6154
8351	6155
5929	6156
3078	6157
1132	6158
3157	6159
7177	6160
1484	6161
7421	6162
8125	6163
1086	6164
2770	6165
9854	6166
2456	6167
5963	6168
4523	6169
7755	6170
4046	6171
1965	6172
4317	6173
542	6174
8413	6175
4487	6176
1044	6177
7343	6178
7662	6179
3436	6180
3879	6181
56	6182
3322	6183
3894	6184
7522	6185
888	6186
9721	6187
9060	6188
5219	6189
7232	6190
2224	6191
9082	6192
1957	6193
159	6194
9022	6195
3952	6196
9287	6197
5751	6198
541	6199
1326	6200
5647	6201
7797	6202
5634	6203
9754	6204
588	6205
5722	6206
3703	6207
8975	6208
4163	6209
7091	6210
7921	6211
1725	6212
1152	6213
941	6214
3265	6215
3754	6216
3298	6217
1396	6218
1470	6219
1418	6220
9827	6221
6287	6222
4733	6223
7464	6224
2582	6225
8529	6226
1932	6227
9306	6228
8690	6229
5009	6230
1084	6231
5811	6232
4569	6233
6706	6234
3756	6235
5154	6236
2848	6237
1066	6238
7528	6239
1834	6240
4445	6241
8224	6242
9609	6243
8819	6244
7148	6245
9763	6246
511	6247
5826	6248
4122	6249
5950	6250
1358	6251
9530	6252
6975	6253
3676	6254
9506	6255
2728	6256
9013	6257
7845	6258
3103	6259
4745	6260
5832	6261
9759	6262
9627	6263
4508	6264
7726	6265
766	6266
7126	6267
4891	6268
1475	6269
3888	6270
1661	6271
4755	6272
4342	6273
9382	6274
2645	6275
7083	6276
8990	6277
3872	6278
8690	6279
7827	6280
6998	6281
7129	6282
2160	6283
7326	6284
2739	6285
9501	6286
5635	6287
2079	6288
7489	6289
369	6290
4983	6291
1457	6292
5526	6293
9978	6294
7234	6295
767	6296
8925	6297
2659	6298
8095	6299
1549	6300
120	6301
1564	6302
3900	6303
3393	6304
4605	6305
1101	6306
4151	6307
9064	6308
4907	6309
808	6310
2797	6311
5982	6312
846	6313
6352	6314
2013	6315
8794	6316
3284	6317
2657	6318
4175	6319
3120	6320
8042	6321
7862	6322
3997	6323
3558	6324
1165	6325
4848	6326
1913	6327
8303	6328
4000	6329
5298	6330
1633	6331
8531	6332
6911	6333
492	6334
9381	6335
4613	6336
2781	6337
5057	6338
5745	6339
4308	6340
1844	6341
6924	6342
7494	6343
3411	6344
4725	6345
4703	6346
1069	6347
4810	6348
8184	6349
453	6350
12	6351
6691	6352
8433	6353
1189	6354
4154	6355
6447	6356
4366	6357
8918	6358
6550	6359
8579	6360
841	6361
8297	6362
4066	6363
8609	6364
4984	6365
673	6366
4798	6367
7136	6368
4974	6369
5693	6370
9204	6371
8826	6372
2466	6373
7898	6374
9750	6375
1437	6376
4447	6377
4127	6378
5949	6379
1140	6380
9028	6381
4920	6382
3951	6383
5831	6384
1211	6385
9170	6386
331	6387
3026	6388
7012	6389
8736	6390
6598	6391
3726	6392
2406	6393
1730	6394
8127	6395
3904	6396
2362	6397
4687	6398
8794	6399
9657	6400
9472	6401
1760	6402
571	6403
6151	6404
5875	6405
4699	6406
4543	6407
4184	6408
6158	6409
5672	6410
6824	6411
9139	6412
4533	6413
4591	6414
8479	6415
9815	6416
7164	6417
7162	6418
1726	6419
7419	6420
9280	6421
550	6422
3163	6423
699	6424
2472	6425
1106	6426
5001	6427
3266	6428
7245	6429
417	6430
1376	6431
3375	6432
7358	6433
9709	6434
4930	6435
6121	6436
4962	6437
7667	6438
1121	6439
678	6440
9502	6441
4403	6442
6842	6443
9955	6444
1449	6445
9722	6446
337	6447
8949	6448
1320	6449
5095	6450
8970	6451
3080	6452
86	6453
5477	6454
3486	6455
2072	6456
4837	6457
7419	6458
7531	6459
4439	6460
1130	6461
41	6462
1039	6463
3717	6464
745	6465
3214	6466
7088	6467
2501	6468
9647	6469
3422	6470
3172	6471
2854	6472
5755	6473
4029	6474
4648	6475
7650	6476
5901	6477
7317	6478
523	6479
6088	6480
8455	6481
5326	6482
9636	6483
6551	6484
2780	6485
4354	6486
9508	6487
5295	6488
185	6489
3761	6490
979	6491
9839	6492
8	6493
2694	6494
4917	6495
3581	6496
4574	6497
4903	6498
2049	6499
449	6500
7674	6501
2827	6502
7520	6503
7731	6504
3585	6505
4979	6506
5639	6507
1793	6508
8261	6509
8416	6510
1283	6511
566	6512
7110	6513
2396	6514
7931	6515
5371	6516
8790	6517
9524	6518
2444	6519
3090	6520
4397	6521
9844	6522
9162	6523
5057	6524
2211	6525
7442	6526
318	6527
664	6528
5003	6529
8496	6530
8659	6531
5385	6532
8473	6533
3895	6534
7338	6535
1109	6536
1970	6537
8768	6538
209	6539
5381	6540
9789	6541
9847	6542
5664	6543
9157	6544
9419	6545
758	6546
2663	6547
7768	6548
9320	6549
7860	6550
4653	6551
7383	6552
5969	6553
2972	6554
8333	6555
5091	6556
4272	6557
9567	6558
7699	6559
4235	6560
9857	6561
3609	6562
9977	6563
3958	6564
781	6565
7003	6566
5231	6567
3579	6568
5075	6569
3995	6570
5857	6571
8891	6572
1486	6573
9735	6574
3366	6575
114	6576
288	6577
6800	6578
1048	6579
9619	6580
2290	6581
5229	6582
7646	6583
2849	6584
2541	6585
1325	6586
8912	6587
2462	6588
8445	6589
1628	6590
3171	6591
6398	6592
5407	6593
8158	6594
8699	6595
5655	6596
307	6597
3913	6598
523	6599
842	6600
8750	6601
7904	6602
3097	6603
9378	6604
4794	6605
9207	6606
7754	6607
3456	6608
1231	6609
1748	6610
4321	6611
3422	6612
157	6613
3409	6614
5903	6615
4524	6616
6236	6617
2447	6618
288	6619
8647	6620
7781	6621
4420	6622
7105	6623
9382	6624
5093	6625
3193	6626
9156	6627
4650	6628
7779	6629
7181	6630
9187	6631
320	6632
9845	6633
8945	6634
5512	6635
9207	6636
5836	6637
6681	6638
958	6639
9846	6640
8903	6641
4813	6642
7870	6643
4354	6644
8582	6645
2478	6646
4306	6647
9910	6648
6759	6649
1220	6650
3747	6651
8411	6652
5036	6653
3037	6654
8991	6655
2477	6656
7206	6657
842	6658
5703	6659
7701	6660
7254	6661
4518	6662
5184	6663
3784	6664
5021	6665
4269	6666
2773	6667
9374	6668
1200	6669
1484	6670
287	6671
5491	6672
7012	6673
3619	6674
873	6675
1949	6676
6290	6677
915	6678
6331	6679
1909	6680
201	6681
1095	6682
3926	6683
5889	6684
7590	6685
2276	6686
2100	6687
7360	6688
2528	6689
1288	6690
1700	6691
5872	6692
2051	6693
5337	6694
90	6695
3158	6696
6864	6697
7387	6698
7453	6699
4006	6700
577	6701
946	6702
5288	6703
8300	6704
2786	6705
2654	6706
4806	6707
3454	6708
9140	6709
573	6710
4277	6711
5619	6712
1873	6713
483	6714
2631	6715
3409	6716
1992	6717
9696	6718
3943	6719
531	6720
8721	6721
2242	6722
1093	6723
5570	6724
998	6725
4690	6726
1750	6727
380	6728
8604	6729
5409	6730
424	6731
7160	6732
8937	6733
5167	6734
431	6735
8507	6736
7831	6737
5237	6738
1408	6739
2423	6740
6887	6741
8615	6742
1662	6743
1593	6744
3833	6745
2095	6746
2623	6747
8294	6748
1363	6749
524	6750
928	6751
9116	6752
9721	6753
4191	6754
921	6755
256	6756
993	6757
2461	6758
6649	6759
6969	6760
2126	6761
242	6762
5155	6763
657	6764
458	6765
5410	6766
5102	6767
8621	6768
6147	6769
8876	6770
5148	6771
1830	6772
9648	6773
8940	6774
4976	6775
4275	6776
1913	6777
4877	6778
2937	6779
2017	6780
9845	6781
8824	6782
2350	6783
1129	6784
4061	6785
4938	6786
3975	6787
8709	6788
914	6789
9377	6790
4489	6791
2955	6792
674	6793
2933	6794
1289	6795
1564	6796
1279	6797
8037	6798
9094	6799
391	6800
9118	6801
3587	6802
5767	6803
2031	6804
6492	6805
906	6806
3253	6807
1773	6808
4909	6809
5586	6810
2336	6811
8425	6812
2572	6813
8825	6814
1236	6815
1063	6816
5341	6817
6256	6818
3567	6819
8578	6820
5356	6821
9539	6822
8902	6823
6411	6824
8287	6825
622	6826
5616	6827
3226	6828
303	6829
2474	6830
4382	6831
2901	6832
4300	6833
310	6834
3279	6835
1460	6836
7848	6837
1024	6838
7629	6839
5775	6840
5800	6841
6443	6842
2273	6843
6658	6844
4512	6845
3220	6846
1405	6847
3320	6848
4411	6849
9309	6850
4490	6851
4202	6852
985	6853
4720	6854
4246	6855
8755	6856
1149	6857
7038	6858
5669	6859
5679	6860
5519	6861
7094	6862
4902	6863
1589	6864
14	6865
4963	6866
3123	6867
7692	6868
3803	6869
1493	6870
8774	6871
1217	6872
3760	6873
9728	6874
867	6875
4813	6876
2157	6877
7459	6878
4377	6879
8034	6880
801	6881
4359	6882
21	6883
5911	6884
3482	6885
8958	6886
1083	6887
3350	6888
7581	6889
9494	6890
6738	6891
7186	6892
3998	6893
8017	6894
5224	6895
7204	6896
3078	6897
7980	6898
4117	6899
3245	6900
2408	6901
6099	6902
7120	6903
656	6904
6473	6905
5751	6906
6215	6907
2299	6908
8788	6909
7372	6910
6333	6911
8102	6912
3347	6913
8861	6914
958	6915
367	6916
930	6917
2756	6918
938	6919
2167	6920
710	6921
1582	6922
4552	6923
6342	6924
5184	6925
452	6926
2672	6927
4044	6928
1568	6929
9502	6930
1047	6931
9316	6932
794	6933
9806	6934
6936	6935
2735	6936
3959	6937
4554	6938
6965	6939
6106	6940
5446	6941
4227	6942
4443	6943
1960	6944
9701	6945
5247	6946
6185	6947
9418	6948
4339	6949
209	6950
1134	6951
4310	6952
1456	6953
7620	6954
5570	6955
7735	6956
1841	6957
7427	6958
851	6959
3654	6960
999	6961
823	6962
3688	6963
9572	6964
7913	6965
8103	6966
4287	6967
6123	6968
7095	6969
868	6970
1551	6971
3006	6972
5015	6973
7017	6974
6253	6975
8723	6976
3240	6977
1450	6978
1074	6979
7968	6980
8554	6981
9035	6982
4320	6983
2513	6984
8811	6985
2625	6986
7766	6987
1006	6988
1138	6989
213	6990
2382	6991
9252	6992
1573	6993
1809	6994
1316	6995
7986	6996
1462	6997
9473	6998
2200	6999
1524	7000
7550	7001
9217	7002
6566	7003
2908	7004
4782	7005
9890	7006
5754	7007
1736	7008
3930	7009
199	7010
9060	7011
6673	7012
1130	7013
350	7014
1970	7015
5361	7016
6974	7017
1026	7018
1964	7019
2701	7020
8046	7021
3621	7022
7194	7023
2429	7024
9499	7025
7558	7026
3286	7027
4021	7028
2028	7029
5509	7030
1624	7031
4845	7032
5694	7033
27	7034
9683	7035
6091	7036
5535	7037
6858	7038
5055	7039
8415	7040
9891	7041
8292	7042
2816	7043
6200	7044
5919	7045
3275	7046
9640	7047
7407	7048
2315	7049
3430	7050
9063	7051
4221	7052
8969	7053
6153	7054
135	7055
8283	7056
7741	7057
8715	7058
9345	7059
9108	7060
5782	7061
7370	7062
2965	7063
3922	7064
8818	7065
6681	7066
8869	7067
7107	7068
1162	7069
377	7070
7310	7071
1921	7072
6850	7073
8653	7074
4586	7075
7556	7076
4391	7077
5239	7078
1626	7079
6064	7080
4574	7081
7375	7082
6241	7083
1767	7084
2329	7085
8388	7086
6054	7087
3897	7088
9771	7089
2439	7090
6210	7091
8435	7092
8937	7093
4086	7094
6969	7095
5871	7096
2382	7097
2370	7098
70	7099
6340	7100
7583	7101
5789	7102
7320	7103
227	7104
6623	7105
2961	7106
7068	7107
9380	7108
7995	7109
6513	7110
3606	7111
7412	7112
6113	7113
7893	7114
8001	7115
4960	7116
8021	7117
4907	7118
467	7119
6903	7120
7336	7121
5028	7122
8057	7123
7412	7124
6330	7125
6267	7126
8221	7127
9284	7128
2903	7129
3805	7130
5748	7131
6188	7132
3358	7133
3195	7134
5459	7135
8231	7136
7355	7137
3890	7138
5080	7139
1076	7140
4767	7141
7319	7142
830	7143
1731	7144
6256	7145
7612	7146
7713	7147
6027	7148
1705	7149
1707	7150
2682	7151
8860	7152
788	7153
7948	7154
467	7155
9088	7156
271	7157
6142	7158
5093	7159
8913	7160
8144	7161
6418	7162
8596	7163
6417	7164
617	7165
5918	7166
5237	7167
4146	7168
9126	7169
4832	7170
1826	7171
823	7172
9400	7173
568	7174
3601	7175
9359	7176
6160	7177
7757	7178
6910	7179
8476	7180
177	7181
3739	7182
3306	7183
6025	7184
5089	7185
334	7186
191	7187
791	7188
6381	7189
8030	7190
4886	7191
4027	7192
4422	7193
5212	7194
8271	7195
7421	7196
8559	7197
676	7198
3570	7199
2224	7200
280	7201
5670	7202
3661	7203
6896	7204
503	7205
6657	7206
2257	7207
3380	7208
9330	7209
5267	7210
4661	7211
1344	7212
4929	7213
9298	7214
5288	7215
2735	7216
2963	7217
4135	7218
4825	7219
2106	7220
4186	7221
4039	7222
1089	7223
4284	7224
9381	7225
6247	7226
1115	7227
4315	7228
1464	7229
2467	7230
6221	7231
9956	7232
1861	7233
4644	7234
4149	7235
9410	7236
1662	7237
8148	7238
90	7239
3550	7240
231	7241
1474	7242
9978	7243
8510	7244
4969	7245
2848	7246
5380	7247
6404	7248
4298	7249
1292	7250
5867	7251
5357	7252
243	7253
9861	7254
8781	7255
9384	7256
5265	7257
1611	7258
675	7259
684	7260
4093	7261
545	7262
7122	7263
8136	7264
9745	7265
8063	7266
3685	7267
5248	7268
8410	7269
1686	7270
680	7271
1238	7272
1292	7273
3409	7274
1716	7275
2727	7276
8368	7277
5420	7278
6696	7279
8402	7280
8106	7281
1486	7282
1591	7283
7588	7284
8879	7285
971	7286
8895	7287
5680	7288
1676	7289
8020	7290
6944	7291
1039	7292
8430	7293
2151	7294
6251	7295
1565	7296
9966	7297
4453	7298
6601	7299
215	7300
9265	7301
952	7302
4922	7303
3538	7304
5245	7305
5623	7306
7197	7307
1285	7308
5797	7309
7976	7310
1843	7311
5238	7312
4654	7313
5135	7314
540	7315
7038	7316
8452	7317
1330	7318
6896	7319
796	7320
3025	7321
2183	7322
9304	7323
6359	7324
6288	7325
6284	7326
3217	7327
9939	7328
831	7329
1341	7330
2275	7331
975	7332
4030	7333
5203	7334
8129	7335
7121	7336
3375	7337
9950	7338
3774	7339
1233	7340
3110	7341
309	7342
2877	7343
2795	7344
5418	7345
3884	7346
1338	7347
9156	7348
6616	7349
5464	7350
7791	7351
9636	7352
5259	7353
2199	7354
7137	7355
802	7356
1478	7357
6433	7358
8512	7359
9586	7360
5674	7361
2250	7362
6076	7363
1769	7364
929	7365
6036	7366
353	7367
4181	7368
348	7369
7062	7370
2251	7371
6910	7372
3658	7373
1692	7374
7082	7375
7528	7376
5984	7377
3717	7378
7934	7379
6342	7380
2940	7381
585	7382
544	7383
5585	7384
6060	7385
4441	7386
6698	7387
5284	7388
4330	7389
4877	7390
903	7391
623	7392
4226	7393
5497	7394
684	7395
8024	7396
7171	7397
9119	7398
7359	7399
9542	7400
6004	7401
7471	7402
9115	7403
7136	7404
4533	7405
5785	7406
7048	7407
4100	7408
7287	7409
165	7410
4661	7411
4381	7412
1882	7413
7935	7414
4811	7415
9487	7416
919	7417
8033	7418
6458	7419
8364	7420
9412	7421
8334	7422
2201	7423
3088	7424
9556	7425
8281	7426
4910	7427
5233	7428
1196	7429
1870	7430
5995	7431
532	7432
4482	7433
5173	7434
8410	7435
240	7436
8128	7437
6913	7438
2268	7439
2304	7440
325	7441
6526	7442
386	7443
7577	7444
1725	7445
3767	7446
4925	7447
1	7448
687	7449
5176	7450
4832	7451
6051	7452
6699	7453
8067	7454
2512	7455
3054	7456
7	7457
2849	7458
8756	7459
5983	7460
977	7461
4477	7462
7605	7463
6224	7464
3554	7465
3731	7466
5023	7467
2354	7468
825	7469
3586	7470
1763	7471
1923	7472
2095	7473
3710	7474
271	7475
1348	7476
537	7477
1206	7478
1991	7479
716	7480
3535	7481
2134	7482
623	7483
8436	7484
9485	7485
6241	7486
4660	7487
9670	7488
6289	7489
7204	7490
9864	7491
113	7492
9367	7493
6343	7494
9373	7495
4379	7496
5956	7497
5321	7498
4373	7499
4309	7500
537	7501
3916	7502
9962	7503
8177	7504
1402	7505
3472	7506
8724	7507
2082	7508
2620	7509
3569	7510
9206	7511
764	7512
1789	7513
275	7514
8599	7515
4808	7516
9763	7517
8340	7518
9404	7519
7845	7520
6146	7521
6185	7522
4463	7523
5966	7524
3671	7525
4778	7526
8913	7527
2333	7528
3735	7529
7004	7530
6459	7531
9101	7532
3439	7533
6666	7534
4755	7535
8705	7536
4807	7537
4524	7538
4784	7539
322	7540
5442	7541
287	7542
1423	7543
9225	7544
1092	7545
8413	7546
2498	7547
1947	7548
3872	7549
2735	7550
4145	7551
7637	7552
5064	7553
277	7554
2305	7555
7076	7556
3891	7557
9846	7558
7721	7559
942	7560
8672	7561
5822	7562
7661	7563
45	7564
5515	7565
3094	7566
2710	7567
8452	7568
6105	7569
9914	7570
797	7571
9326	7572
2801	7573
9797	7574
4402	7575
8462	7576
1094	7577
8324	7578
2252	7579
9563	7580
266	7581
277	7582
4599	7583
7267	7584
9038	7585
2821	7586
1880	7587
7635	7588
1614	7589
1194	7590
2911	7591
6066	7592
5722	7593
165	7594
5874	7595
6747	7596
655	7597
2584	7598
677	7599
3854	7600
84	7601
2277	7602
479	7603
9800	7604
53	7605
8253	7606
6967	7607
5206	7608
2397	7609
1234	7610
1667	7611
7146	7612
71	7613
8629	7614
8643	7615
5704	7616
7734	7617
1926	7618
8769	7619
4822	7620
2284	7621
9067	7622
5512	7623
7269	7624
8990	7625
1243	7626
2206	7627
2540	7628
2729	7629
8071	7630
9944	7631
913	7632
8122	7633
469	7634
7588	7635
7396	7636
2736	7637
5698	7638
370	7639
518	7640
4806	7641
4196	7642
7041	7643
8118	7644
5231	7645
4254	7646
7660	7647
841	7648
5246	7649
4011	7650
2877	7651
436	7652
9191	7653
6395	7654
1043	7655
4002	7656
1901	7657
7725	7658
8422	7659
7647	7660
7563	7661
6179	7662
2605	7663
8087	7664
2441	7665
9061	7666
6438	7667
3819	7668
7850	7669
8326	7670
5778	7671
9762	7672
5563	7673
7523	7674
1074	7675
87	7676
3909	7677
7899	7678
5295	7679
1583	7680
4607	7681
4677	7682
8433	7683
2531	7684
5440	7685
1499	7686
5863	7687
1289	7688
2886	7689
36	7690
421	7691
3131	7692
1900	7693
4117	7694
4867	7695
5637	7696
1955	7697
332	7698
6559	7699
1074	7700
6660	7701
936	7702
2882	7703
3749	7704
9945	7705
7866	7706
4941	7707
5113	7708
547	7709
5575	7710
5844	7711
175	7712
1805	7713
970	7714
3645	7715
4024	7716
2265	7717
8999	7718
8827	7719
268	7720
7559	7721
6899	7722
9066	7723
3079	7724
3171	7725
6265	7726
260	7727
3710	7728
5092	7729
5806	7730
6504	7731
4290	7732
1016	7733
7617	7734
6956	7735
8986	7736
9799	7737
991	7738
1071	7739
2384	7740
7057	7741
9473	7742
9363	7743
2867	7744
2545	7745
6807	7746
3539	7747
2626	7748
5884	7749
8505	7750
1999	7751
3679	7752
8240	7753
5617	7754
6170	7755
4740	7756
7178	7757
4405	7758
5910	7759
8293	7760
5611	7761
8141	7762
6664	7763
1729	7764
8091	7765
9023	7766
9459	7767
6548	7768
9567	7769
1986	7770
4215	7771
8177	7772
6833	7773
9805	7774
5395	7775
8428	7776
6266	7777
8264	7778
6629	7779
8325	7780
6621	7781
9825	7782
687	7783
5148	7784
9355	7785
4366	7786
1076	7787
640	7788
9888	7789
693	7790
7351	7791
2469	7792
8941	7793
4583	7794
6916	7795
2860	7796
4621	7797
3280	7798
3013	7799
2007	7800
1234	7801
6268	7802
2468	7803
8142	7804
2298	7805
2213	7806
3304	7807
6831	7808
9533	7809
5545	7810
9238	7811
1092	7812
3264	7813
2492	7814
5857	7815
4310	7816
6738	7817
8503	7818
6397	7819
4645	7820
8180	7821
10	7822
9108	7823
5904	7824
3094	7825
223	7826
7927	7827
3226	7828
3980	7829
4704	7830
6737	7831
3929	7832
934	7833
7471	7834
9374	7835
8923	7836
1129	7837
8547	7838
2103	7839
2949	7840
5583	7841
2635	7842
1542	7843
2067	7844
6258	7845
7954	7846
641	7847
6837	7848
4265	7849
7669	7850
4602	7851
2257	7852
4612	7853
9894	7854
679	7855
4075	7856
4071	7857
4928	7858
1791	7859
291	7860
7529	7861
3878	7862
2933	7863
2200	7864
3824	7865
7706	7866
9228	7867
2366	7868
1138	7869
6643	7870
6116	7871
884	7872
9892	7873
9881	7874
2990	7875
3794	7876
2476	7877
5219	7878
1054	7879
9696	7880
929	7881
4491	7882
3421	7883
3109	7884
9346	7885
8361	7886
2952	7887
5443	7888
2499	7889
6647	7890
2230	7891
6356	7892
3694	7893
1056	7894
9839	7895
3089	7896
4173	7897
6374	7898
308	7899
4898	7900
9664	7901
597	7902
4067	7903
613	7904
1831	7905
9336	7906
6961	7907
423	7908
3229	7909
9695	7910
4682	7911
3868	7912
4991	7913
3419	7914
6709	7915
2751	7916
7475	7917
3219	7918
7667	7919
3453	7920
6211	7921
5861	7922
478	7923
5393	7924
1786	7925
3967	7926
7827	7927
6216	7928
6118	7929
1549	7930
8072	7931
3531	7932
922	7933
1119	7934
2478	7935
8953	7936
1754	7937
8567	7938
6837	7939
7173	7940
1110	7941
9569	7942
1228	7943
9697	7944
5141	7945
5771	7946
4577	7947
3914	7948
550	7949
820	7950
8817	7951
9364	7952
1820	7953
7846	7954
9136	7955
8085	7956
8883	7957
5428	7958
4311	7959
6181	7960
3363	7961
4591	7962
1947	7963
4891	7964
8617	7965
804	7966
8225	7967
6980	7968
1024	7969
1868	7970
8269	7971
2041	7972
2274	7973
6553	7974
8457	7975
7310	7976
7997	7977
7362	7978
9560	7979
5899	7980
2801	7981
1224	7982
8572	7983
8794	7984
1244	7985
6996	7986
7312	7987
8934	7988
5218	7989
1138	7990
983	7991
1492	7992
821	7993
838	7994
7109	7995
6069	7996
7977	7997
9583	7998
5963	7999
4821	8000
7115	8001
2997	8002
5987	8003
5774	8004
4254	8005
9056	8006
500	8007
4114	8008
5446	8009
4413	8010
8813	8011
4346	8012
958	8013
8949	8014
3020	8015
1284	8016
9421	8017
6562	8018
6469	8019
7290	8020
7117	8021
2036	8022
6119	8023
7396	8024
3671	8025
7540	8026
6703	8027
617	8028
5566	8029
9004	8030
3223	8031
3436	8032
8225	8033
1742	8034
7046	8035
7567	8036
1134	8037
3769	8038
1424	8039
1696	8040
8592	8041
6321	8042
5716	8043
1020	8044
9479	8045
7021	8046
2110	8047
4325	8048
4375	8049
802	8050
510	8051
9993	8052
3797	8053
481	8054
7927	8055
6810	8056
7123	8057
9559	8058
9815	8059
1896	8060
9827	8061
1219	8062
7266	8063
8688	8064
9455	8065
1305	8066
7454	8067
6872	8068
191	8069
1462	8070
7630	8071
1127	8072
5985	8073
8346	8074
6076	8075
3189	8076
3162	8077
8731	8078
2598	8079
4871	8080
5597	8081
731	8082
7507	8083
8786	8084
2073	8085
5128	8086
5391	8087
3477	8088
9803	8089
4872	8090
7765	8091
3013	8092
2336	8093
4472	8094
6299	8095
1933	8096
5373	8097
4798	8098
30	8099
8320	8100
4371	8101
6912	8102
6795	8103
8758	8104
443	8105
4312	8106
2815	8107
1802	8108
4945	8109
3394	8110
6929	8111
3422	8112
1155	8113
5340	8114
9922	8115
5547	8116
9133	8117
5969	8118
1821	8119
6122	8120
8649	8121
7633	8122
1543	8123
9341	8124
1057	8125
3112	8126
2599	8127
6830	8128
29	8129
2255	8130
1621	8131
2617	8132
8711	8133
2127	8134
8824	8135
1681	8136
364	8137
2319	8138
7235	8139
6264	8140
7762	8141
5372	8142
8626	8143
7161	8144
3772	8145
8925	8146
1623	8147
4832	8148
370	8149
9951	8150
7899	8151
8185	8152
14	8153
3176	8154
5304	8155
1743	8156
4418	8157
1196	8158
5787	8159
1649	8160
5165	8161
2371	8162
4661	8163
2303	8164
8030	8165
9153	8166
8616	8167
2678	8168
4890	8169
3594	8170
4599	8171
4273	8172
2268	8173
2821	8174
998	8175
8744	8176
7504	8177
7901	8178
581	8179
37	8180
4122	8181
5200	8182
9645	8183
1920	8184
8152	8185
8533	8186
8387	8187
1070	8188
9830	8189
4494	8190
1998	8191
1475	8192
3166	8193
8955	8194
1181	8195
1014	8196
2780	8197
4493	8198
4726	8199
2560	8200
2847	8201
1205	8202
2393	8203
8416	8204
5452	8205
6372	8206
907	8207
845	8208
734	8209
1579	8210
62	8211
5658	8212
2744	8213
427	8214
5039	8215
5304	8216
1769	8217
8143	8218
8848	8219
4548	8220
7127	8221
8939	8222
5328	8223
6242	8224
8033	8225
9005	8226
2989	8227
3209	8228
1596	8229
4722	8230
1145	8231
137	8232
3796	8233
8856	8234
30	8235
9450	8236
7032	8237
3680	8238
3396	8239
5200	8240
5054	8241
2448	8242
9495	8243
1683	8244
3286	8245
1993	8246
592	8247
3421	8248
6455	8249
8797	8250
6864	8251
293	8252
7606	8253
5281	8254
2903	8255
4880	8256
8953	8257
9739	8258
2387	8259
5010	8260
6509	8261
3797	8262
3598	8263
7778	8264
7537	8265
343	8266
6973	8267
5889	8268
7971	8269
1831	8270
7195	8271
3663	8272
553	8273
9098	8274
5884	8275
4153	8276
3944	8277
3395	8278
3480	8279
3207	8280
549	8281
2128	8282
7056	8283
348	8284
3678	8285
7465	8286
6825	8287
5610	8288
125	8289
8091	8290
5760	8291
7042	8292
7760	8293
5050	8294
7267	8295
2993	8296
2531	8297
3213	8298
9060	8299
6704	8300
5034	8301
3214	8302
5770	8303
4360	8304
9064	8305
9771	8306
9044	8307
132	8308
3162	8309
6631	8310
4127	8311
2565	8312
2497	8313
3283	8314
7489	8315
9461	8316
2666	8317
833	8318
8599	8319
3773	8320
1577	8321
7805	8322
3838	8323
509	8324
7276	8325
8323	8326
4053	8327
3129	8328
9571	8329
2292	8330
5340	8331
248	8332
6555	8333
7422	8334
7032	8335
2986	8336
5015	8337
119	8338
2140	8339
5375	8340
7560	8341
2050	8342
9772	8343
4149	8344
5848	8345
792	8346
8145	8347
638	8348
3324	8349
9547	8350
3774	8351
7757	8352
7459	8353
8707	8354
839	8355
1177	8356
8948	8357
2332	8358
9464	8359
4933	8360
7886	8361
1969	8362
6130	8363
7420	8364
8788	8365
5023	8366
7424	8367
7277	8368
971	8369
32	8370
844	8371
8282	8372
9049	8373
5728	8374
2669	8375
6994	8376
2741	8377
142	8378
2396	8379
6590	8380
4444	8381
1456	8382
3132	8383
1386	8384
5705	8385
2710	8386
9705	8387
7086	8388
202	8389
8957	8390
7597	8391
8199	8392
4032	8393
7010	8394
5536	8395
732	8396
6904	8397
6541	8398
2247	8399
1280	8400
472	8401
7280	8402
8521	8403
7047	8404
565	8405
641	8406
9423	8407
1478	8408
2859	8409
7435	8410
5305	8411
4768	8412
7546	8413
9806	8414
7040	8415
6146	8416
7687	8417
4252	8418
7937	8419
408	8420
3665	8421
470	8422
8514	8423
59	8424
9475	8425
1573	8426
5481	8427
7776	8428
9634	8429
7293	8430
8439	8431
9275	8432
6353	8433
933	8434
7092	8435
3154	8436
2499	8437
3498	8438
8431	8439
2462	8440
8169	8441
3945	8442
5667	8443
3302	8444
9057	8445
4403	8446
3080	8447
2461	8448
2864	8449
1399	8450
5982	8451
7317	8452
5510	8453
9216	8454
5324	8455
5953	8456
7975	8457
4234	8458
4130	8459
5567	8460
1078	8461
7576	8462
3737	8463
1678	8464
457	8465
2710	8466
632	8467
2573	8468
9478	8469
153	8470
9513	8471
2390	8472
1641	8473
1062	8474
7174	8475
7180	8476
7164	8477
5982	8478
6415	8479
864	8480
6876	8481
1351	8482
7358	8483
5627	8484
7826	8485
968	8486
3729	8487
973	8488
6351	8489
8322	8490
6374	8491
8812	8492
3179	8493
4843	8494
8774	8495
6530	8496
1199	8497
3801	8498
1765	8499
7068	8500
8983	8501
5000	8502
9968	8503
7988	8504
5127	8505
5492	8506
6736	8507
1638	8508
7005	8509
7244	8510
5444	8511
7359	8512
2540	8513
6266	8514
5116	8515
4703	8516
3799	8517
454	8518
2251	8519
3760	8520
8403	8521
5590	8522
9240	8523
5429	8524
9447	8525
2246	8526
5107	8527
3949	8528
6226	8529
5112	8530
6332	8531
2060	8532
8186	8533
5169	8534
9252	8535
1937	8536
985	8537
5572	8538
4324	8539
8811	8540
1640	8541
856	8542
1308	8543
7477	8544
7686	8545
9241	8546
7838	8547
5709	8548
946	8549
1673	8550
3085	8551
9042	8552
2529	8553
6981	8554
795	8555
3397	8556
5345	8557
1859	8558
7197	8559
7472	8560
9511	8561
668	8562
9640	8563
9250	8564
2759	8565
1749	8566
7938	8567
2301	8568
2843	8569
325	8570
8744	8571
7983	8572
2658	8573
1721	8574
1061	8575
2166	8576
9137	8577
4243	8578
6360	8579
5469	8580
3454	8581
6645	8582
4851	8583
7736	8584
5896	8585
7206	8586
107	8587
4206	8588
2412	8589
2599	8590
2684	8591
8846	8592
4856	8593
7269	8594
2727	8595
7163	8596
2947	8597
4313	8598
7515	8599
3212	8600
3138	8601
436	8602
2545	8603
9518	8604
3575	8605
3341	8606
4975	8607
2468	8608
6364	8609
8909	8610
4805	8611
567	8612
828	8613
5723	8614
1296	8615
7047	8616
7965	8617
2818	8618
9602	8619
2647	8620
6768	8621
6403	8622
9339	8623
2351	8624
6061	8625
8143	8626
6826	8627
4054	8628
3205	8629
2315	8630
3701	8631
1005	8632
3361	8633
463	8634
3293	8635
9227	8636
9887	8637
4462	8638
6420	8639
1883	8640
746	8641
9119	8642
7615	8643
2907	8644
3301	8645
4345	8646
6620	8647
5082	8648
8121	8649
3123	8650
1883	8651
8978	8652
7074	8653
2033	8654
3590	8655
4633	8656
3000	8657
8020	8658
6531	8659
8684	8660
2781	8661
4484	8662
6741	8663
2353	8664
9948	8665
5495	8666
5837	8667
950	8668
2136	8669
6682	8670
8681	8671
7561	8672
1275	8673
3889	8674
4187	8675
6078	8676
5340	8677
2734	8678
4499	8679
6512	8680
8156	8681
6147	8682
9492	8683
8660	8684
2695	8685
2140	8686
9247	8687
8064	8688
2535	8689
1175	8690
1389	8691
63	8692
3867	8693
1424	8694
5053	8695
6896	8696
1232	8697
4071	8698
5490	8699
8962	8700
3640	8701
4965	8702
4754	8703
7005	8704
73	8705
9788	8706
4378	8707
4263	8708
6788	8709
5198	8710
8133	8711
4039	8712
9907	8713
8744	8714
7058	8715
7267	8716
8072	8717
6396	8718
3360	8719
4104	8720
6721	8721
5923	8722
637	8723
7815	8724
5773	8725
7063	8726
919	8727
5810	8728
6166	8729
4389	8730
8593	8731
3237	8732
3504	8733
5966	8734
4827	8735
6390	8736
4244	8737
9233	8738
1046	8739
8660	8740
9489	8741
5765	8742
9993	8743
8571	8744
8926	8745
5680	8746
9233	8747
864	8748
8975	8749
6601	8750
841	8751
3359	8752
5824	8753
766	8754
6856	8755
1774	8756
6288	8757
8104	8758
3051	8759
2279	8760
8766	8761
397	8762
3501	8763
6263	8764
8331	8765
8761	8766
4686	8767
6538	8768
1698	8769
4719	8770
3934	8771
1711	8772
4970	8773
5002	8774
278	8775
9864	8776
3738	8777
177	8778
4530	8779
7345	8780
811	8781
6147	8782
1539	8783
4783	8784
9361	8785
8084	8786
2270	8787
6909	8788
694	8789
6517	8790
4835	8791
3578	8792
4735	8793
7984	8794
3928	8795
3476	8796
8250	8797
523	8798
3608	8799
495	8800
2197	8801
7540	8802
9617	8803
4068	8804
4461	8805
1379	8806
3420	8807
159	8808
4217	8809
5006	8810
6985	8811
8492	8812
8011	8813
4703	8814
8169	8815
8362	8816
7951	8817
7065	8818
2677	8819
8678	8820
2257	8821
868	8822
3192	8823
6782	8824
6814	8825
8827	8826
8826	8827
5632	8828
1729	8829
4754	8830
3585	8831
5681	8832
1671	8833
6105	8834
9423	8835
7839	8836
5792	8837
7608	8838
6903	8839
1333	8840
2812	8841
7026	8842
3635	8843
3574	8844
5602	8845
8592	8846
7802	8847
1976	8848
9624	8849
4015	8850
327	8851
1651	8852
226	8853
7995	8854
7096	8855
1715	8856
3839	8857
328	8858
9556	8859
7152	8860
6914	8861
5258	8862
5573	8863
7770	8864
6761	8865
2169	8866
6138	8867
2714	8868
7071	8869
5575	8870
9735	8871
92	8872
6493	8873
9159	8874
7616	8875
6770	8876
8347	8877
9778	8878
7285	8879
7976	8880
9177	8881
5892	8882
8356	8883
3220	8884
2360	8885
4714	8886
1222	8887
3412	8888
6987	8889
6148	8890
6572	8891
7645	8892
4105	8893
2811	8894
7287	8895
3607	8896
1366	8897
4249	8898
2258	8899
8462	8900
1555	8901
6823	8902
6641	8903
9733	8904
825	8905
1763	8906
2018	8907
8238	8908
8610	8909
8914	8910
358	8911
3494	8912
7160	8913
8910	8914
4260	8915
7319	8916
6047	8917
6358	8918
6643	8919
1608	8920
1323	8921
9472	8922
7836	8923
4539	8924
5550	8925
8745	8926
2475	8927
3300	8928
5451	8929
5878	8930
5431	8931
4974	8932
5597	8933
5000	8934
4273	8935
9375	8936
6733	8937
4755	8938
4136	8939
6774	8940
7793	8941
5955	8942
884	8943
1126	8944
6634	8945
9822	8946
533	8947
8357	8948
9302	8949
3016	8950
4626	8951
8350	8952
7936	8953
1199	8954
60	8955
3218	8956
8390	8957
6886	8958
132	8959
1910	8960
3802	8961
8700	8962
4480	8963
1943	8964
8667	8965
8732	8966
772	8967
2271	8968
5227	8969
1501	8970
9816	8971
6623	8972
5771	8973
2664	8974
5426	8975
9911	8976
1169	8977
370	8978
2766	8979
2747	8980
2020	8981
4893	8982
5439	8983
1486	8984
1421	8985
7736	8986
7848	8987
1613	8988
1634	8989
7625	8990
2014	8991
3361	8992
982	8993
9136	8994
7381	8995
2381	8996
2972	8997
2896	8998
7718	8999
9333	9000
5482	9001
1034	9002
1074	9003
8030	9004
3862	9005
9765	9006
7948	9007
4990	9008
3798	9009
7727	9010
3773	9011
5306	9012
5765	9013
9406	9014
9417	9015
4442	9016
1933	9017
3617	9018
5673	9019
1269	9020
3870	9021
6111	9022
7766	9023
2790	9024
9540	9025
716	9026
3157	9027
5900	9028
1959	9029
2857	9030
4797	9031
3612	9032
2981	9033
1270	9034
6982	9035
2990	9036
3334	9037
7585	9038
3131	9039
9654	9040
2702	9041
8552	9042
9022	9043
8307	9044
8923	9045
5664	9046
9187	9047
1960	9048
542	9049
7871	9050
2599	9051
8414	9052
2736	9053
4285	9054
5739	9055
211	9056
8445	9057
8120	9058
9865	9059
6188	9060
7666	9061
4030	9062
3176	9063
1536	9064
458	9065
3200	9066
7622	9067
1464	9068
5892	9069
2140	9070
2809	9071
4422	9072
1107	9073
3799	9074
7037	9075
1198	9076
2924	9077
7061	9078
4649	9079
8617	9080
5962	9081
6192	9082
2397	9083
6454	9084
70	9085
4666	9086
2893	9087
7156	9088
3627	9089
4492	9090
9734	9091
7023	9092
8156	9093
6799	9094
8636	9095
5901	9096
6120	9097
20	9098
9120	9099
7548	9100
4059	9101
811	9102
8162	9103
5800	9104
4916	9105
5443	9106
7262	9107
7823	9108
1323	9109
4390	9110
5075	9111
113	9112
153	9113
6345	9114
9650	9115
3239	9116
5640	9117
6801	9118
7398	9119
9099	9120
6874	9121
3767	9122
9935	9123
881	9124
6281	9125
6091	9126
9506	9127
2826	9128
6100	9129
3051	9130
9451	9131
4480	9132
8117	9133
180	9134
820	9135
837	9136
8577	9137
82	9138
6412	9139
5716	9140
132	9141
2380	9142
6882	9143
8299	9144
5297	9145
1198	9146
623	9147
7969	9148
1980	9149
8824	9150
4157	9151
6075	9152
6081	9153
6090	9154
4940	9155
6627	9156
6544	9157
2900	9158
8874	9159
9305	9160
5135	9161
9831	9162
5630	9163
758	9164
5459	9165
5783	9166
9956	9167
9506	9168
2236	9169
8872	9170
5239	9171
1381	9172
3782	9173
9823	9174
6089	9175
1582	9176
9479	9177
9654	9178
6314	9179
5078	9180
8464	9181
6124	9182
9880	9183
8215	9184
8144	9185
5813	9186
9047	9187
733	9188
3971	9189
4437	9190
7653	9191
5740	9192
105	9193
3718	9194
8813	9195
9212	9196
9662	9197
1142	9198
4337	9199
6373	9200
9454	9201
7071	9202
5214	9203
6371	9204
4249	9205
1512	9206
6636	9207
8063	9208
1717	9209
4515	9210
2148	9211
3484	9212
7322	9213
9950	9214
4040	9215
8454	9216
303	9217
3030	9218
4734	9219
6350	9220
6294	9221
2836	9222
5784	9223
7538	9224
6973	9225
5034	9226
8636	9227
7867	9228
9547	9229
356	9230
5502	9231
9210	9232
5920	9233
6391	9234
170	9235
8707	9236
2146	9237
9697	9238
1696	9239
9447	9240
7888	9241
4150	9242
380	9243
5549	9244
4144	9245
7435	9246
1908	9247
4389	9248
8430	9249
5138	9250
3645	9251
6992	9252
1932	9253
1052	9254
9745	9255
3339	9256
4777	9257
8320	9258
9741	9259
7138	9260
1854	9261
2732	9262
540	9263
4527	9264
1313	9265
4969	9266
7643	9267
9733	9268
9678	9269
3622	9270
321	9271
4356	9272
6254	9273
4493	9274
8432	9275
9644	9276
958	9277
4097	9278
2711	9279
4992	9280
502	9281
5662	9282
9792	9283
5001	9284
2242	9285
224	9286
6197	9287
5811	9288
5640	9289
7006	9290
9842	9291
6629	9292
3468	9293
999	9294
462	9295
5059	9296
9477	9297
1385	9298
1012	9299
9318	9300
4623	9301
7754	9302
3613	9303
9882	9304
9160	9305
2549	9306
8456	9307
2585	9308
5908	9309
6001	9310
659	9311
2034	9312
3544	9313
233	9314
4422	9315
448	9316
5456	9317
31	9318
8951	9319
4192	9320
8197	9321
7355	9322
4570	9323
5241	9324
7778	9325
7572	9326
9995	9327
4122	9328
6353	9329
7209	9330
4615	9331
4718	9332
9000	9333
5626	9334
3997	9335
3069	9336
5863	9337
658	9338
9970	9339
7008	9340
3194	9341
8274	9342
3994	9343
9155	9344
1722	9345
7885	9346
835	9347
2603	9348
635	9349
5379	9350
9456	9351
9820	9352
7586	9353
2358	9354
1501	9355
3081	9356
548	9357
9732	9358
9585	9359
2702	9360
6971	9361
3472	9362
7743	9363
1821	9364
9409	9365
2521	9366
7493	9367
5424	9368
9530	9369
2009	9370
4016	9371
5570	9372
7495	9373
8123	9374
5172	9375
3548	9376
4291	9377
6604	9378
9387	9379
7108	9380
2414	9381
6624	9382
269	9383
7256	9384
4798	9385
764	9386
9379	9387
4653	9388
4873	9389
1403	9390
5766	9391
3220	9392
3320	9393
300	9394
7961	9395
4682	9396
8731	9397
7787	9398
1789	9399
595	9400
3846	9401
1365	9402
1674	9403
3105	9404
9776	9405
4561	9406
4194	9407
9776	9408
1109	9409
185	9410
6879	9411
4996	9412
1927	9413
2434	9414
3323	9415
413	9416
6150	9417
6948	9418
6545	9419
1494	9420
8017	9421
1915	9422
8407	9423
2353	9424
1409	9425
2295	9426
3841	9427
1035	9428
8064	9429
197	9430
9798	9431
7004	9432
5827	9433
2120	9434
2124	9435
9608	9436
5199	9437
9324	9438
9653	9439
5665	9440
4624	9441
2562	9442
8840	9443
9781	9444
8607	9445
3279	9446
8525	9447
458	9448
5134	9449
8236	9450
9131	9451
623	9452
4742	9453
1769	9454
5365	9455
9351	9456
4280	9457
4307	9458
3286	9459
2705	9460
9004	9461
1092	9462
5815	9463
8359	9464
740	9465
5229	9466
2484	9467
1442	9468
8476	9469
4704	9470
1693	9471
6401	9472
6998	9473
5398	9474
5213	9475
5649	9476
9102	9477
8469	9478
8045	9479
4281	9480
8843	9481
3800	9482
2258	9483
3707	9484
7485	9485
389	9486
7416	9487
72	9488
8741	9489
9755	9490
9067	9491
7449	9492
7719	9493
2235	9494
8243	9495
9856	9496
4500	9497
852	9498
259	9499
9135	9500
4909	9501
6441	9502
1291	9503
415	9504
4165	9505
9127	9506
8753	9507
6487	9508
81	9509
2273	9510
8561	9511
2997	9512
8471	9513
5401	9514
6152	9515
1485	9516
5417	9517
3979	9518
6649	9519
4858	9520
6495	9521
4991	9522
6956	9523
6518	9524
4932	9525
3719	9526
865	9527
2295	9528
2297	9529
4639	9530
1538	9531
8811	9532
7809	9533
9365	9534
1022	9535
5454	9536
176	9537
7325	9538
3610	9539
9025	9540
1611	9541
916	9542
9697	9543
1525	9544
7820	9545
2330	9546
8350	9547
1562	9548
4240	9549
5949	9550
1422	9551
9428	9552
319	9553
3877	9554
8576	9555
7425	9556
3474	9557
4676	9558
8058	9559
4083	9560
8544	9561
1788	9562
7580	9563
7465	9564
306	9565
6976	9566
6558	9567
5803	9568
4281	9569
7079	9570
8329	9571
6964	9572
248	9573
633	9574
2279	9575
2941	9576
2075	9577
4740	9578
1829	9579
1379	9580
3774	9581
5059	9582
707	9583
1688	9584
9359	9585
2689	9586
6852	9587
241	9588
3535	9589
2630	9590
5159	9591
2059	9592
9268	9593
3082	9594
4990	9595
508	9596
873	9597
116	9598
3888	9599
1449	9600
1692	9601
8619	9602
3273	9603
3656	9604
2590	9605
8615	9606
3824	9607
9436	9608
6243	9609
6980	9610
2675	9611
379	9612
4147	9613
2624	9614
4896	9615
4815	9616
8803	9617
746	9618
9600	9619
2789	9620
2452	9621
261	9622
9860	9623
8849	9624
8813	9625
885	9626
6263	9627
3463	9628
11	9629
9756	9630
9320	9631
4244	9632
7617	9633
8429	9634
1785	9635
6483	9636
5773	9637
5972	9638
1129	9639
7047	9640
8474	9641
5755	9642
7316	9643
4871	9644
8183	9645
6327	9646
6469	9647
6773	9648
2145	9649
9115	9650
2789	9651
9893	9652
9439	9653
1637	9654
8596	9655
9316	9656
6400	9657
5636	9658
480	9659
3053	9660
4339	9661
9197	9662
6024	9663
7901	9664
8790	9665
6028	9666
7084	9667
2356	9668
5422	9669
6471	9670
450	9671
6694	9672
8512	9673
9180	9674
377	9675
3625	9676
8326	9677
9269	9678
30	9679
7976	9680
1130	9681
396	9682
7035	9683
8646	9684
3960	9685
9864	9686
5952	9687
2389	9688
2769	9689
9082	9690
2525	9691
5815	9692
147	9693
2241	9694
7910	9695
3576	9696
9238	9697
5713	9698
5532	9699
4802	9700
5164	9701
4392	9702
5984	9703
4345	9704
8387	9705
2625	9706
7616	9707
1103	9708
6434	9709
5810	9710
2033	9711
8593	9712
3899	9713
9875	9714
7747	9715
5134	9716
8818	9717
5846	9718
1105	9719
8031	9720
6753	9721
6446	9722
6148	9723
9590	9724
4865	9725
8925	9726
773	9727
3885	9728
8259	9729
2485	9730
5877	9731
1982	9732
8081	9733
9091	9734
8871	9735
939	9736
2210	9737
5651	9738
2802	9739
3345	9740
9259	9741
9229	9742
2733	9743
5449	9744
9255	9745
1131	9746
4698	9747
2156	9748
8467	9749
3215	9750
3855	9751
6020	9752
8115	9753
4552	9754
3812	9755
8463	9756
1703	9757
2212	9758
1720	9759
1371	9760
8348	9761
7672	9762
1998	9763
2275	9764
3405	9765
1933	9766
5599	9767
3095	9768
2870	9769
9824	9770
1444	9771
8343	9772
4057	9773
6521	9774
6118	9775
9405	9776
1957	9777
8878	9778
1722	9779
8539	9780
9444	9781
4784	9782
4655	9783
8129	9784
9996	9785
1144	9786
3083	9787
8706	9788
1557	9789
6473	9790
6142	9791
8706	9792
4202	9793
1790	9794
3132	9795
3254	9796
9766	9797
9431	9798
7737	9799
7604	9800
3736	9801
4867	9802
4344	9803
4146	9804
7774	9805
6934	9806
8416	9807
4584	9808
1514	9809
4646	9810
1992	9811
963	9812
6913	9813
6014	9814
6416	9815
8971	9816
2104	9817
1522	9818
7140	9819
541	9820
5491	9821
8946	9822
9174	9823
9770	9824
7782	9825
3294	9826
7829	9827
6542	9828
7249	9829
5562	9830
9162	9831
9181	9832
6542	9833
7372	9834
4150	9835
1844	9836
5828	9837
4493	9838
6492	9839
2235	9840
6296	9841
9291	9842
2	9843
6522	9844
6633	9845
1540	9846
6542	9847
218	9848
6164	9849
568	9850
537	9851
692	9852
3454	9853
6166	9854
3442	9855
9496	9856
6561	9857
1840	9858
1346	9859
3264	9860
5631	9861
7889	9862
711	9863
2615	9864
9059	9865
4170	9866
5439	9867
9221	9868
5644	9869
4096	9870
2803	9871
23	9872
6241	9873
1778	9874
9714	9875
3074	9876
4436	9877
3995	9878
6027	9879
9183	9880
7874	9881
1215	9882
199	9883
3999	9884
7469	9885
973	9886
3195	9887
7789	9888
96	9889
7006	9890
7041	9891
7873	9892
9652	9893
7854	9894
5713	9895
1613	9896
9930	9897
4928	9898
4362	9899
3003	9900
2776	9901
4015	9902
778	9903
3034	9904
6005	9905
1209	9906
8713	9907
1621	9908
7128	9909
6648	9910
1034	9911
494	9912
7720	9913
7570	9914
1601	9915
1257	9916
6814	9917
1922	9918
4004	9919
7899	9920
5498	9921
8115	9922
4374	9923
3972	9924
8708	9925
4410	9926
3228	9927
4581	9928
260	9929
9897	9930
5325	9931
1521	9932
4473	9933
7429	9934
9123	9935
645	9936
325	9937
2322	9938
747	9939
9022	9940
4750	9941
5994	9942
6791	9943
7631	9944
7705	9945
8712	9946
1255	9947
5201	9948
2060	9949
9214	9950
5820	9951
910	9952
49	9953
587	9954
2531	9955
7232	9956
4609	9957
5038	9958
947	9959
335	9960
800	9961
3711	9962
4204	9963
3029	9964
1401	9965
7226	9966
8745	9967
8503	9968
1717	9969
2903	9970
6286	9971
4002	9972
2166	9973
3256	9974
4836	9975
2353	9976
1756	9977
6294	9978
3736	9979
2946	9980
5240	9981
8619	9982
3351	9983
5957	9984
3233	9985
601	9986
5973	9987
3297	9988
1466	9989
9211	9990
1780	9991
5425	9992
8052	9993
2863	9994
621	9995
9785	9996
746	9997
4624	9998
7946	9999
5137	10000

