Numero de vertices: 968
Numero de arestas: 14204
Grau minimo de vertice: 2
Grau maximo de vertice: 59
Grau medio de vertices: 28.665289
Mediana dos graus de vertices: 31.000000
Dados sobre componentes conexas:
componentes: 5
500 vertices de componente 1: 1 4 7 14 122 124 141 185 195 203 220 225 298 303 349 352 359 422 460 472 498 502 514 530 539 585 587 588 597 637 668 678 704 733 775 793 811 887 923 939 954 961 15 46 56 63 99 138 152 163 182 194 207 211 224 251 276 300 307 319 345 354 378 411 527 528 532 599 604 615 649 729 735 741 765 790 837 866 880 952 34 58 66 89 91 96 101 108 146 198 216 235 263 267 311 382 415 435 437 446 467 492 494 519 540 557 565 567 618 651 697 713 753 758 800 825 843 44 71 125 162 172 180 206 285 306 341 346 375 406 410 414 419 438 493 543 630 655 872 883 941 946 13 39 119 121 123 134 150 156 165 199 200 242 247 340 407 508 545 549 575 682 711 736 748 764 799 852 891 898 910 918 927 16 17 31 53 62 81 197 202 205 281 454 457 458 534 551 584 602 605 612 620 631 641 664 686 687 791 810 826 895 61 82 85 196 218 261 403 442 503 524 542 580 660 666 669 693 695 767 777 879 917 960 2 3 26 55 65 76 117 188 342 373 377 402 475 490 531 589 601 640 662 674 689 724 728 783 795 861 893 906 86 107 181 184 393 431 439 487 553 756 784 787 863 937 963 12 64 257 351 489 506 526 561 608 658 714 768 776 792 838 889 929 33 41 47 88 244 429 436 513 547 583 922 25 51 52 80 171 213 265 484 535 564 613 731 772 932 943 966 5 54 250 270 365 462 485 510 518 568 644 670 696 717 854 964 114 128 133 151 283 304 477 636 653 719 746 845 940 953 45 48 50 175 192 231 236 310 456 559 598 645 709 757 759 798 831 113 130 293 715 782 857 878 881 919 142 149 243 324 417 677 716 761 864 874 957 473 548 576 592 667 936 22 190 395 480 554 590 681 827 944 497 562 802 807 834 859 890 915 322 388 491 522 578 707 903 942 159 255 360 387 617 950 212 628 676 698 884 926 90 642 730 809 112 344 356 384 629 223 376 558 819 110 424 945 104 296 673 848 920 505 830 870 219 364 386 706 28 103 160 739 127 269 523 639 314 638 823 882 956 10 35 448 504 947 380 478 455 663 675 43 143 228 234 401 958 8 824 109 901 965 78 875 370 445 633 520 804 177 797 899 254 699 550 754 581 851 740 

250 vertices de componente 2: 6 158 227 258 305 372 400 432 440 471 537 609 610 619 650 702 789 829 835 885 908 909 951 955 23 140 144 239 264 278 309 316 358 361 423 443 515 521 582 635 726 743 806 959 36 102 131 210 233 420 452 501 600 643 685 742 755 877 905 153 179 214 332 347 374 389 421 441 447 459 648 751 760 770 794 836 853 37 69 266 308 318 328 428 453 479 499 556 563 624 712 803 77 161 350 392 571 721 747 847 949 79 137 253 275 325 570 574 692 818 868 42 72 105 118 170 291 312 366 572 603 611 616 621 688 750 805 842 896 29 164 167 226 413 451 463 594 813 833 967 21 68 92 94 145 282 412 483 496 627 657 705 727 815 832 841 931 840 865 916 921 449 555 634 647 771 19 30 57 106 302 327 625 828 120 191 326 577 596 744 20 75 248 320 495 536 586 720 867 914 98 331 348 408 529 933 295 656 700 780 888 912 238 338 381 646 737 70 173 425 427 49 788 394 930 100 368 525 925 256 822 193 396 418 844 343 74 538 749 287 858 371 511 512 84 723 148 398 738 430 710 911 672 317 397 464 274 595 516 277 

125 vertices de componente 3: 9 166 204 259 280 363 481 745 779 147 201 208 230 290 399 404 659 683 846 871 938 948 38 132 405 546 671 115 329 379 434 486 488 690 732 774 183 289 444 573 876 886 116 126 209 273 301 691 808 855 869 11 279 385 560 654 786 168 246 313 337 433 470 474 801 814 935 40 315 367 27 59 622 680 785 913 136 299 544 694 189 416 773 907 95 284 566 272 330 465 357 409 722 904 32 333 607 249 336 461 892 111 129 154 176 262 229 294 606 288 763 569 816 292 766 155 928 24 390 708 821 369 781 626 703 

62 vertices de componente 4: 18 215 391 652 93 469 509 796 73 135 237 271 353 517 533 934 962 83 178 222 260 97 321 362 679 701 450 552 769 862 897 579 623 762 968 383 817 850 335 468 725 812 894 426 286 297 355 614 187 482 323 507 902 157 632 232 541 684 217 778 60 500 

31 vertices de componente 5: 67 169 268 860 221 241 466 820 839 873 849 900 174 752 924 139 593 734 87 339 476 661 186 252 591 240 718 334 856 245 665 



